     4           2           2           1     
     4           2           2           1     
     4           2           2           2     
     4           2           2           4     
     4           4           4           4     
     4           4           4           4     
     4           4           4           8     
     4           6           6           8     
     8           6           6           8     
     8           6           6           8     
     8           8           8           8     
     8           8           8           8     
     8           8           8           8     
     8          10          12          12     
     8          10          12          12     
    12          10          12          12     
    12          12          12          12     
    12          12          12          12     
    12          12          12          12     
    12          14          12          12     
    12          14          16          16     
    12          14          16          16     
    16          16          16          16     
    16          16          16          16     
    16          16          16          16     
    16          18          16          20     
    16          18          16          20     
    16          18          20          20     
    16          20          20          20     
    20          20          20          20     
    20          20          20          20     
    20          22          20          20     
    20          22          20          20     
    20          22          24          24     
    20          24          24          24     
    20          24          24          24     
    24          24          24          24     
    24          26          24          24     
    24          26          24          24     
    24          26          24          24     
    24          28          24          24     
    24          28          28          28     
    24          28          28          28     
    28          30          28          28     
    28          30          28          28     
    28          30          28          28     
    28          32          28          28     
    28          32          28          28     
    28          32          28          28     
    28          34          36          32     
    32          34          36          32     
    32          34          36          32     
    32          36          36          32     
    32          36          36          32     
    32          36          36          32     
    32          38          36          32     
    32          38          36          32     
    36          38          36          36     
    36          40          36          36     
    36          40          36          36     
    36          40          36          36     
    36          42          36          36     
    36          42          36          36     
    36          42          36          36     
    40          44          36          36     
