
    Unsigned integers (first 300)
Number     Hex                  Bin                             Decoded
0          01                   00000001                        0
1          03                   00000011                        1
2          05                   00000101                        2
3          07                   00000111                        3
4          09                   00001001                        4
5          0b                   00001011                        5
6          0d                   00001101                        6
7          0f                   00001111                        7
8          02                   00000010                        8
9          06                   00000110                        9
10         0a                   00001010                        10
11         0e                   00001110                        11
12         12                   00010010                        12
13         16                   00010110                        13
14         1a                   00011010                        14
15         1e                   00011110                        15
16         22                   00100010                        16
17         26                   00100110                        17
18         2a                   00101010                        18
19         2e                   00101110                        19
20         32                   00110010                        20
21         36                   00110110                        21
22         3a                   00111010                        22
23         3e                   00111110                        23
24         42                   01000010                        24
25         46                   01000110                        25
26         4a                   01001010                        26
27         4e                   01001110                        27
28         52                   01010010                        28
29         56                   01010110                        29
30         5a                   01011010                        30
31         5e                   01011110                        31
32         62                   01100010                        32
33         66                   01100110                        33
34         6a                   01101010                        34
35         6e                   01101110                        35
36         72                   01110010                        36
37         76                   01110110                        37
38         7a                   01111010                        38
39         7e                   01111110                        39
40         82                   10000010                        40
41         86                   10000110                        41
42         8a                   10001010                        42
43         8e                   10001110                        43
44         92                   10010010                        44
45         96                   10010110                        45
46         9a                   10011010                        46
47         9e                   10011110                        47
48         a2                   10100010                        48
49         a6                   10100110                        49
50         aa                   10101010                        50
51         ae                   10101110                        51
52         b2                   10110010                        52
53         b6                   10110110                        53
54         ba                   10111010                        54
55         be                   10111110                        55
56         c2                   11000010                        56
57         c6                   11000110                        57
58         ca                   11001010                        58
59         ce                   11001110                        59
60         d2                   11010010                        60
61         d6                   11010110                        61
62         da                   11011010                        62
63         de                   11011110                        63
64         e2                   11100010                        64
65         e6                   11100110                        65
66         ea                   11101010                        66
67         ee                   11101110                        67
68         f2                   11110010                        68
69         f6                   11110110                        69
70         fa                   11111010                        70
71         fe                   11111110                        71
72         04 00                00000100 00000000               72
73         0c 00                00001100 00000000               73
74         14 00                00010100 00000000               74
75         1c 00                00011100 00000000               75
76         24 00                00100100 00000000               76
77         2c 00                00101100 00000000               77
78         34 00                00110100 00000000               78
79         3c 00                00111100 00000000               79
80         44 00                01000100 00000000               80
81         4c 00                01001100 00000000               81
82         54 00                01010100 00000000               82
83         5c 00                01011100 00000000               83
84         64 00                01100100 00000000               84
85         6c 00                01101100 00000000               85
86         74 00                01110100 00000000               86
87         7c 00                01111100 00000000               87
88         84 00                10000100 00000000               88
89         8c 00                10001100 00000000               89
90         94 00                10010100 00000000               90
91         9c 00                10011100 00000000               91
92         a4 00                10100100 00000000               92
93         ac 00                10101100 00000000               93
94         b4 00                10110100 00000000               94
95         bc 00                10111100 00000000               95
96         c4 00                11000100 00000000               96
97         cc 00                11001100 00000000               97
98         d4 00                11010100 00000000               98
99         dc 00                11011100 00000000               99
100        e4 00                11100100 00000000               100
101        ec 00                11101100 00000000               101
102        f4 00                11110100 00000000               102
103        fc 00                11111100 00000000               103
104        04 01                00000100 00000001               104
105        0c 01                00001100 00000001               105
106        14 01                00010100 00000001               106
107        1c 01                00011100 00000001               107
108        24 01                00100100 00000001               108
109        2c 01                00101100 00000001               109
110        34 01                00110100 00000001               110
111        3c 01                00111100 00000001               111
112        44 01                01000100 00000001               112
113        4c 01                01001100 00000001               113
114        54 01                01010100 00000001               114
115        5c 01                01011100 00000001               115
116        64 01                01100100 00000001               116
117        6c 01                01101100 00000001               117
118        74 01                01110100 00000001               118
119        7c 01                01111100 00000001               119
120        84 01                10000100 00000001               120
121        8c 01                10001100 00000001               121
122        94 01                10010100 00000001               122
123        9c 01                10011100 00000001               123
124        a4 01                10100100 00000001               124
125        ac 01                10101100 00000001               125
126        b4 01                10110100 00000001               126
127        bc 01                10111100 00000001               127
128        c4 01                11000100 00000001               128
129        cc 01                11001100 00000001               129
130        d4 01                11010100 00000001               130
131        dc 01                11011100 00000001               131
132        e4 01                11100100 00000001               132
133        ec 01                11101100 00000001               133
134        f4 01                11110100 00000001               134
135        fc 01                11111100 00000001               135
136        04 02                00000100 00000010               136
137        0c 02                00001100 00000010               137
138        14 02                00010100 00000010               138
139        1c 02                00011100 00000010               139
140        24 02                00100100 00000010               140
141        2c 02                00101100 00000010               141
142        34 02                00110100 00000010               142
143        3c 02                00111100 00000010               143
144        44 02                01000100 00000010               144
145        4c 02                01001100 00000010               145
146        54 02                01010100 00000010               146
147        5c 02                01011100 00000010               147
148        64 02                01100100 00000010               148
149        6c 02                01101100 00000010               149
150        74 02                01110100 00000010               150
151        7c 02                01111100 00000010               151
152        84 02                10000100 00000010               152
153        8c 02                10001100 00000010               153
154        94 02                10010100 00000010               154
155        9c 02                10011100 00000010               155
156        a4 02                10100100 00000010               156
157        ac 02                10101100 00000010               157
158        b4 02                10110100 00000010               158
159        bc 02                10111100 00000010               159
160        c4 02                11000100 00000010               160
161        cc 02                11001100 00000010               161
162        d4 02                11010100 00000010               162
163        dc 02                11011100 00000010               163
164        e4 02                11100100 00000010               164
165        ec 02                11101100 00000010               165
166        f4 02                11110100 00000010               166
167        fc 02                11111100 00000010               167
168        04 03                00000100 00000011               168
169        0c 03                00001100 00000011               169
170        14 03                00010100 00000011               170
171        1c 03                00011100 00000011               171
172        24 03                00100100 00000011               172
173        2c 03                00101100 00000011               173
174        34 03                00110100 00000011               174
175        3c 03                00111100 00000011               175
176        44 03                01000100 00000011               176
177        4c 03                01001100 00000011               177
178        54 03                01010100 00000011               178
179        5c 03                01011100 00000011               179
180        64 03                01100100 00000011               180
181        6c 03                01101100 00000011               181
182        74 03                01110100 00000011               182
183        7c 03                01111100 00000011               183
184        84 03                10000100 00000011               184
185        8c 03                10001100 00000011               185
186        94 03                10010100 00000011               186
187        9c 03                10011100 00000011               187
188        a4 03                10100100 00000011               188
189        ac 03                10101100 00000011               189
190        b4 03                10110100 00000011               190
191        bc 03                10111100 00000011               191
192        c4 03                11000100 00000011               192
193        cc 03                11001100 00000011               193
194        d4 03                11010100 00000011               194
195        dc 03                11011100 00000011               195
196        e4 03                11100100 00000011               196
197        ec 03                11101100 00000011               197
198        f4 03                11110100 00000011               198
199        fc 03                11111100 00000011               199
200        04 04                00000100 00000100               200
201        0c 04                00001100 00000100               201
202        14 04                00010100 00000100               202
203        1c 04                00011100 00000100               203
204        24 04                00100100 00000100               204
205        2c 04                00101100 00000100               205
206        34 04                00110100 00000100               206
207        3c 04                00111100 00000100               207
208        44 04                01000100 00000100               208
209        4c 04                01001100 00000100               209
210        54 04                01010100 00000100               210
211        5c 04                01011100 00000100               211
212        64 04                01100100 00000100               212
213        6c 04                01101100 00000100               213
214        74 04                01110100 00000100               214
215        7c 04                01111100 00000100               215
216        84 04                10000100 00000100               216
217        8c 04                10001100 00000100               217
218        94 04                10010100 00000100               218
219        9c 04                10011100 00000100               219
220        a4 04                10100100 00000100               220
221        ac 04                10101100 00000100               221
222        b4 04                10110100 00000100               222
223        bc 04                10111100 00000100               223
224        c4 04                11000100 00000100               224
225        cc 04                11001100 00000100               225
226        d4 04                11010100 00000100               226
227        dc 04                11011100 00000100               227
228        e4 04                11100100 00000100               228
229        ec 04                11101100 00000100               229
230        f4 04                11110100 00000100               230
231        fc 04                11111100 00000100               231
232        04 05                00000100 00000101               232
233        0c 05                00001100 00000101               233
234        14 05                00010100 00000101               234
235        1c 05                00011100 00000101               235
236        24 05                00100100 00000101               236
237        2c 05                00101100 00000101               237
238        34 05                00110100 00000101               238
239        3c 05                00111100 00000101               239
240        44 05                01000100 00000101               240
241        4c 05                01001100 00000101               241
242        54 05                01010100 00000101               242
243        5c 05                01011100 00000101               243
244        64 05                01100100 00000101               244
245        6c 05                01101100 00000101               245
246        74 05                01110100 00000101               246
247        7c 05                01111100 00000101               247
248        84 05                10000100 00000101               248
249        8c 05                10001100 00000101               249
250        94 05                10010100 00000101               250
251        9c 05                10011100 00000101               251
252        a4 05                10100100 00000101               252
253        ac 05                10101100 00000101               253
254        b4 05                10110100 00000101               254
255        bc 05                10111100 00000101               255
256        c4 05                11000100 00000101               256
257        cc 05                11001100 00000101               257
258        d4 05                11010100 00000101               258
259        dc 05                11011100 00000101               259
260        e4 05                11100100 00000101               260
261        ec 05                11101100 00000101               261
262        f4 05                11110100 00000101               262
263        fc 05                11111100 00000101               263
264        04 06                00000100 00000110               264
265        0c 06                00001100 00000110               265
266        14 06                00010100 00000110               266
267        1c 06                00011100 00000110               267
268        24 06                00100100 00000110               268
269        2c 06                00101100 00000110               269
270        34 06                00110100 00000110               270
271        3c 06                00111100 00000110               271
272        44 06                01000100 00000110               272
273        4c 06                01001100 00000110               273
274        54 06                01010100 00000110               274
275        5c 06                01011100 00000110               275
276        64 06                01100100 00000110               276
277        6c 06                01101100 00000110               277
278        74 06                01110100 00000110               278
279        7c 06                01111100 00000110               279
280        84 06                10000100 00000110               280
281        8c 06                10001100 00000110               281
282        94 06                10010100 00000110               282
283        9c 06                10011100 00000110               283
284        a4 06                10100100 00000110               284
285        ac 06                10101100 00000110               285
286        b4 06                10110100 00000110               286
287        bc 06                10111100 00000110               287
288        c4 06                11000100 00000110               288
289        cc 06                11001100 00000110               289
290        d4 06                11010100 00000110               290
291        dc 06                11011100 00000110               291
292        e4 06                11100100 00000110               292
293        ec 06                11101100 00000110               293
294        f4 06                11110100 00000110               294
295        fc 06                11111100 00000110               295
296        04 07                00000100 00000111               296
297        0c 07                00001100 00000111               297
298        14 07                00010100 00000111               298
299        1c 07                00011100 00000111               299

Boundary test cases:
Value                  Hex                              Bytes                          Decoded
0                      01                               01                             0
7                      0f                               0f                             7
8                      02                               02                             8
71                     fe                               fe                             71
72                     04 00                            04 00                          72
583                    fc 0f                            fc 0f                          583
584                    08 00                            08 00                          584
4679                   f8 ff                            f8 ff                          4679
4680                   10 00 00                         10 00 00                       4680
528967                 f0 ff ff                         f0 ff ff                       528967
528968                 20 00 00 00                      20 00 00 00                    528968
67637831               e0 ff ff ff                      e0 ff ff ff                    67637831
67637832               c0 00 00 00 00                   c0 00 00 00 00                 67637832
4362605127             c0 ff ff ff ff                   c0 ff ff ff ff                 4362605127
4362605128             40 00 00 00 00 01                40 00 00 00 00 01              4362605128
1099579265607          40 ff ff ff ff ff                40 ff ff ff ff ff              1099579265607
1099579265608          80 00 00 00 00 00 01             80 00 00 00 00 00 01           1099579265608
281475044348487        80 ff ff ff ff ff ff             80 ff ff ff ff ff ff           281475044348487
281475044348488        00 00 00 00 00 00 00 01 00       00 00 00 00 00 00 00 01 00     281475044348488
18446744073709551615   00 b7 ed f7 fb ff ff ff ff       00 b7 ed f7 fb ff ff ff ff     18446744073709551615

Random / special spot checks:
Value                  Hex                              Bytes                          Decoded
12345                  30 be 03                         30 be 03                       12345
678910                 a0 6d 92 00                      a0 6d 92 00                    678910
67108863               e0 6d fb fd                      e0 6d fb fd                    67108863
67108864               20 6e fb fd                      20 6e fb fd                    67108864
4294967295             c0 b7 ed f7 fb                   c0 b7 ed f7 fb                 4294967295
4294967296             c0 b8 ed f7 fb                   c0 b8 ed f7 fb                 4294967296
1099511627775          40 b7 ed f7 fb ff                40 b7 ed f7 fb ff              1099511627775
281474976710655        80 b7 ed f7 fb ff ff             80 b7 ed f7 fb ff ff           281474976710655
72057594037927935      00 b7 ed f7 fb ff ff ff 00       00 b7 ed f7 fb ff ff ff 00     72057594037927935
18446744073709551615   00 b7 ed f7 fb ff ff ff ff       00 b7 ed f7 fb ff ff ff ff     18446744073709551615

Sequence test values:
Idx  Value        Decoded
0    0            0
1    7            7
2    8            8
3    9            9
4    71           71
5    72           72
6    528967       528967
7    528968       528968
8    67637831     67637831
9    67637832     67637832
10   1099511627775 1099511627775
11   18446744073709551615 18446744073709551615

    Signed integers
Number     Hex                  Bin                  Decoded
-100       fc 03                11111100 00000011    -100
-99        ec 03                11101100 00000011    -99
-98        dc 03                11011100 00000011    -98
-97        cc 03                11001100 00000011    -97
-96        bc 03                10111100 00000011    -96
-95        ac 03                10101100 00000011    -95
-94        9c 03                10011100 00000011    -94
-93        8c 03                10001100 00000011    -93
-92        7c 03                01111100 00000011    -92
-91        6c 03                01101100 00000011    -91
-90        5c 03                01011100 00000011    -90
-89        4c 03                01001100 00000011    -89
-88        3c 03                00111100 00000011    -88
-87        2c 03                00101100 00000011    -87
-86        1c 03                00011100 00000011    -86
-85        0c 03                00001100 00000011    -85
-84        fc 02                11111100 00000010    -84
-83        ec 02                11101100 00000010    -83
-82        dc 02                11011100 00000010    -82
-81        cc 02                11001100 00000010    -81
-80        bc 02                10111100 00000010    -80
-79        ac 02                10101100 00000010    -79
-78        9c 02                10011100 00000010    -78
-77        8c 02                10001100 00000010    -77
-76        7c 02                01111100 00000010    -76
-75        6c 02                01101100 00000010    -75
-74        5c 02                01011100 00000010    -74
-73        4c 02                01001100 00000010    -73
-72        3c 02                00111100 00000010    -72
-71        2c 02                00101100 00000010    -71
-70        1c 02                00011100 00000010    -70
-69        0c 02                00001100 00000010    -69
-68        fc 01                11111100 00000001    -68
-67        ec 01                11101100 00000001    -67
-66        dc 01                11011100 00000001    -66
-65        cc 01                11001100 00000001    -65
-64        bc 01                10111100 00000001    -64
-63        ac 01                10101100 00000001    -63
-62        9c 01                10011100 00000001    -62
-61        8c 01                10001100 00000001    -61
-60        7c 01                01111100 00000001    -60
-59        6c 01                01101100 00000001    -59
-58        5c 01                01011100 00000001    -58
-57        4c 01                01001100 00000001    -57
-56        3c 01                00111100 00000001    -56
-55        2c 01                00101100 00000001    -55
-54        1c 01                00011100 00000001    -54
-53        0c 01                00001100 00000001    -53
-52        fc 00                11111100 00000000    -52
-51        ec 00                11101100 00000000    -51
-50        dc 00                11011100 00000000    -50
-49        cc 00                11001100 00000000    -49
-48        bc 00                10111100 00000000    -48
-47        ac 00                10101100 00000000    -47
-46        9c 00                10011100 00000000    -46
-45        8c 00                10001100 00000000    -45
-44        7c 00                01111100 00000000    -44
-43        6c 00                01101100 00000000    -43
-42        5c 00                01011100 00000000    -42
-41        4c 00                01001100 00000000    -41
-40        3c 00                00111100 00000000    -40
-39        2c 00                00101100 00000000    -39
-38        1c 00                00011100 00000000    -38
-37        0c 00                00001100 00000000    -37
-36        fe                   11111110             -36
-35        f6                   11110110             -35
-34        ee                   11101110             -34
-33        e6                   11100110             -33
-32        de                   11011110             -32
-31        d6                   11010110             -31
-30        ce                   11001110             -30
-29        c6                   11000110             -29
-28        be                   10111110             -28
-27        b6                   10110110             -27
-26        ae                   10101110             -26
-25        a6                   10100110             -25
-24        9e                   10011110             -24
-23        96                   10010110             -23
-22        8e                   10001110             -22
-21        86                   10000110             -21
-20        7e                   01111110             -20
-19        76                   01110110             -19
-18        6e                   01101110             -18
-17        66                   01100110             -17
-16        5e                   01011110             -16
-15        56                   01010110             -15
-14        4e                   01001110             -14
-13        46                   01000110             -13
-12        3e                   00111110             -12
-11        36                   00110110             -11
-10        2e                   00101110             -10
-9         26                   00100110             -9
-8         1e                   00011110             -8
-7         16                   00010110             -7
-6         0e                   00001110             -6
-5         06                   00000110             -5
-4         0f                   00001111             -4
-3         0b                   00001011             -3
-2         07                   00000111             -2
-1         03                   00000011             -1
0          01                   00000001             0
1          05                   00000101             1
2          09                   00001001             2
3          0d                   00001101             3
4          02                   00000010             4
5          0a                   00001010             5
6          12                   00010010             6
7          1a                   00011010             7
8          22                   00100010             8
9          2a                   00101010             9
10         32                   00110010             10
11         3a                   00111010             11
12         42                   01000010             12
13         4a                   01001010             13
14         52                   01010010             14
15         5a                   01011010             15
16         62                   01100010             16
17         6a                   01101010             17
18         72                   01110010             18
19         7a                   01111010             19
20         82                   10000010             20
21         8a                   10001010             21
22         92                   10010010             22
23         9a                   10011010             23
24         a2                   10100010             24
25         aa                   10101010             25
26         b2                   10110010             26
27         ba                   10111010             27
28         c2                   11000010             28
29         ca                   11001010             29
30         d2                   11010010             30
31         da                   11011010             31
32         e2                   11100010             32
33         ea                   11101010             33
34         f2                   11110010             34
35         fa                   11111010             35
36         04 00                00000100 00000000    36
37         14 00                00010100 00000000    37
38         24 00                00100100 00000000    38
39         34 00                00110100 00000000    39
40         44 00                01000100 00000000    40
41         54 00                01010100 00000000    41
42         64 00                01100100 00000000    42
43         74 00                01110100 00000000    43
44         84 00                10000100 00000000    44
45         94 00                10010100 00000000    45
46         a4 00                10100100 00000000    46
47         b4 00                10110100 00000000    47
48         c4 00                11000100 00000000    48
49         d4 00                11010100 00000000    49
50         e4 00                11100100 00000000    50
51         f4 00                11110100 00000000    51
52         04 01                00000100 00000001    52
53         14 01                00010100 00000001    53
54         24 01                00100100 00000001    54
55         34 01                00110100 00000001    55
56         44 01                01000100 00000001    56
57         54 01                01010100 00000001    57
58         64 01                01100100 00000001    58
59         74 01                01110100 00000001    59
60         84 01                10000100 00000001    60
61         94 01                10010100 00000001    61
62         a4 01                10100100 00000001    62
63         b4 01                10110100 00000001    63
64         c4 01                11000100 00000001    64
65         d4 01                11010100 00000001    65
66         e4 01                11100100 00000001    66
67         f4 01                11110100 00000001    67
68         04 02                00000100 00000010    68
69         14 02                00010100 00000010    69
70         24 02                00100100 00000010    70
71         34 02                00110100 00000010    71
72         44 02                01000100 00000010    72
73         54 02                01010100 00000010    73
74         64 02                01100100 00000010    74
75         74 02                01110100 00000010    75
76         84 02                10000100 00000010    76
77         94 02                10010100 00000010    77
78         a4 02                10100100 00000010    78
79         b4 02                10110100 00000010    79
80         c4 02                11000100 00000010    80
81         d4 02                11010100 00000010    81
82         e4 02                11100100 00000010    82
83         f4 02                11110100 00000010    83
84         04 03                00000100 00000011    84
85         14 03                00010100 00000011    85
86         24 03                00100100 00000011    86
87         34 03                00110100 00000011    87
88         44 03                01000100 00000011    88
89         54 03                01010100 00000011    89
90         64 03                01100100 00000011    90
91         74 03                01110100 00000011    91
92         84 03                10000100 00000011    92
93         94 03                10010100 00000011    93
94         a4 03                10100100 00000011    94
95         b4 03                10110100 00000011    95
96         c4 03                11000100 00000011    96
97         d4 03                11010100 00000011    97
98         e4 03                11100100 00000011    98
99         f4 03                11110100 00000011    99
100        04 04                00000100 00000100    100

    Pairs of integers
Array              Decoded            Len    Hex                  Bin
[0, 0]             [0, 0]             1      11                   00010001
[1, 1]             [1, 1]             1      33                   00110011
[3, 2]             [3, 2]             1      57                   01010111
[6, 3]             [6, 3]             1      7d                   01111101
[10, 4]            [10, 4]            2      0a 09                00001010 00001001
[15, 5]            [15, 5]            2      1e 0b                00011110 00001011
[21, 6]            [21, 6]            2      36 0d                00110110 00001101
[28, 7]            [28, 7]            2      52 0f                01010010 00001111
[36, 8]            [36, 8]            2      72 02                01110010 00000010
[45, 9]            [45, 9]            2      96 06                10010110 00000110
[55, 10]           [55, 10]           2      be 0a                10111110 00001010

    Arrays of consecutive integers
Array: [0] -> bytes=1 hex=01
Array: [0, 1] -> bytes=1 hex=31
Array: [0, 1, 2] -> bytes=2 hex=31 05
Array: [0, 1, 2, 3] -> bytes=2 hex=31 75
Array: [0, 1, 2, 3, 4] -> bytes=3 hex=31 75 09
Array: [0, 1, 2, 3, 4, 5] -> bytes=3 hex=31 75 b9
Array: [0, 1, 2, 3, 4, 5, 6] -> bytes=4 hex=31 75 b9 0d
Array: [0, 1, 2, 3, 4, 5, 6, 7] -> bytes=4 hex=31 75 b9 fd
Array: [0, 1, 2, 3, 4, 5, 6, 7, 8] -> bytes=5 hex=31 75 b9 fd 02
Array: [0, 1, 2, 3, 4, 5, 6, 7, 8, 9] -> bytes=6 hex=31 75 b9 fd 02 06

    Arrays of squared integers
Array: [0, 1] -> bytes=1 hex=31
Array: [0, 1, 4] -> bytes=2 hex=31 09
Array: [0, 1, 4, 9] -> bytes=3 hex=31 69 00
Array: [0, 1, 4, 9, 16] -> bytes=4 hex=31 69 20 02
Array: [0, 1, 4, 9, 16, 25] -> bytes=5 hex=31 69 20 62 04
Array: [0, 1, 4, 9, 16, 25, 36] -> bytes=6 hex=31 69 20 62 24 07
Array: [0, 1, 4, 9, 16, 25, 36, 49] -> bytes=7 hex=31 69 20 62 24 67 0a
Array: [0, 1, 4, 9, 16, 25, 36, 49, 64] -> bytes=8 hex=31 69 20 62 24 67 2a 0e
Array: [0, 1, 4, 9, 16, 25, 36, 49, 64, 81] -> bytes=9 hex=31 69 20 62 24 67 2a ce 04

Precomputed constants:
_VALUE_BITS: (3, 6, 9, 12, 19, 26)
_CAPACITY: (8, 64, 512, 4096, 524288, 67108864)
_SHIFT: (0, 8, 72, 584, 4680, 528968)
_TOP: (7, 71, 583, 4679, 528967, 67637831)
_MAX_SMALL: 67637831
