
    Unsigned integers (first 300)
Number     Hex                  Bin                             Decoded
0          00                   00000000                        0
1          02                   00000010                        1
2          04                   00000100                        2
3          06                   00000110                        3
4          08                   00001000                        4
5          0a                   00001010                        5
6          0c                   00001100                        6
7          0e                   00001110                        7
8          01                   00000001                        8
9          05                   00000101                        9
10         09                   00001001                        10
11         0d                   00001101                        11
12         11                   00010001                        12
13         15                   00010101                        13
14         19                   00011001                        14
15         1d                   00011101                        15
16         21                   00100001                        16
17         25                   00100101                        17
18         29                   00101001                        18
19         2d                   00101101                        19
20         31                   00110001                        20
21         35                   00110101                        21
22         39                   00111001                        22
23         3d                   00111101                        23
24         41                   01000001                        24
25         45                   01000101                        25
26         49                   01001001                        26
27         4d                   01001101                        27
28         51                   01010001                        28
29         55                   01010101                        29
30         59                   01011001                        30
31         5d                   01011101                        31
32         61                   01100001                        32
33         65                   01100101                        33
34         69                   01101001                        34
35         6d                   01101101                        35
36         71                   01110001                        36
37         75                   01110101                        37
38         79                   01111001                        38
39         7d                   01111101                        39
40         81                   10000001                        40
41         85                   10000101                        41
42         89                   10001001                        42
43         8d                   10001101                        43
44         91                   10010001                        44
45         95                   10010101                        45
46         99                   10011001                        46
47         9d                   10011101                        47
48         a1                   10100001                        48
49         a5                   10100101                        49
50         a9                   10101001                        50
51         ad                   10101101                        51
52         b1                   10110001                        52
53         b5                   10110101                        53
54         b9                   10111001                        54
55         bd                   10111101                        55
56         c1                   11000001                        56
57         c5                   11000101                        57
58         c9                   11001001                        58
59         cd                   11001101                        59
60         d1                   11010001                        60
61         d5                   11010101                        61
62         d9                   11011001                        62
63         dd                   11011101                        63
64         e1                   11100001                        64
65         e5                   11100101                        65
66         e9                   11101001                        66
67         ed                   11101101                        67
68         f1                   11110001                        68
69         f5                   11110101                        69
70         f9                   11111001                        70
71         fd                   11111101                        71
72         03 00                00000011 00000000               72
73         0b 00                00001011 00000000               73
74         13 00                00010011 00000000               74
75         1b 00                00011011 00000000               75
76         23 00                00100011 00000000               76
77         2b 00                00101011 00000000               77
78         33 00                00110011 00000000               78
79         3b 00                00111011 00000000               79
80         43 00                01000011 00000000               80
81         4b 00                01001011 00000000               81
82         53 00                01010011 00000000               82
83         5b 00                01011011 00000000               83
84         63 00                01100011 00000000               84
85         6b 00                01101011 00000000               85
86         73 00                01110011 00000000               86
87         7b 00                01111011 00000000               87
88         83 00                10000011 00000000               88
89         8b 00                10001011 00000000               89
90         93 00                10010011 00000000               90
91         9b 00                10011011 00000000               91
92         a3 00                10100011 00000000               92
93         ab 00                10101011 00000000               93
94         b3 00                10110011 00000000               94
95         bb 00                10111011 00000000               95
96         c3 00                11000011 00000000               96
97         cb 00                11001011 00000000               97
98         d3 00                11010011 00000000               98
99         db 00                11011011 00000000               99
100        e3 00                11100011 00000000               100
101        eb 00                11101011 00000000               101
102        f3 00                11110011 00000000               102
103        fb 00                11111011 00000000               103
104        03 01                00000011 00000001               104
105        0b 01                00001011 00000001               105
106        13 01                00010011 00000001               106
107        1b 01                00011011 00000001               107
108        23 01                00100011 00000001               108
109        2b 01                00101011 00000001               109
110        33 01                00110011 00000001               110
111        3b 01                00111011 00000001               111
112        43 01                01000011 00000001               112
113        4b 01                01001011 00000001               113
114        53 01                01010011 00000001               114
115        5b 01                01011011 00000001               115
116        63 01                01100011 00000001               116
117        6b 01                01101011 00000001               117
118        73 01                01110011 00000001               118
119        7b 01                01111011 00000001               119
120        83 01                10000011 00000001               120
121        8b 01                10001011 00000001               121
122        93 01                10010011 00000001               122
123        9b 01                10011011 00000001               123
124        a3 01                10100011 00000001               124
125        ab 01                10101011 00000001               125
126        b3 01                10110011 00000001               126
127        bb 01                10111011 00000001               127
128        c3 01                11000011 00000001               128
129        cb 01                11001011 00000001               129
130        d3 01                11010011 00000001               130
131        db 01                11011011 00000001               131
132        e3 01                11100011 00000001               132
133        eb 01                11101011 00000001               133
134        f3 01                11110011 00000001               134
135        fb 01                11111011 00000001               135
136        03 02                00000011 00000010               136
137        0b 02                00001011 00000010               137
138        13 02                00010011 00000010               138
139        1b 02                00011011 00000010               139
140        23 02                00100011 00000010               140
141        2b 02                00101011 00000010               141
142        33 02                00110011 00000010               142
143        3b 02                00111011 00000010               143
144        43 02                01000011 00000010               144
145        4b 02                01001011 00000010               145
146        53 02                01010011 00000010               146
147        5b 02                01011011 00000010               147
148        63 02                01100011 00000010               148
149        6b 02                01101011 00000010               149
150        73 02                01110011 00000010               150
151        7b 02                01111011 00000010               151
152        83 02                10000011 00000010               152
153        8b 02                10001011 00000010               153
154        93 02                10010011 00000010               154
155        9b 02                10011011 00000010               155
156        a3 02                10100011 00000010               156
157        ab 02                10101011 00000010               157
158        b3 02                10110011 00000010               158
159        bb 02                10111011 00000010               159
160        c3 02                11000011 00000010               160
161        cb 02                11001011 00000010               161
162        d3 02                11010011 00000010               162
163        db 02                11011011 00000010               163
164        e3 02                11100011 00000010               164
165        eb 02                11101011 00000010               165
166        f3 02                11110011 00000010               166
167        fb 02                11111011 00000010               167
168        03 03                00000011 00000011               168
169        0b 03                00001011 00000011               169
170        13 03                00010011 00000011               170
171        1b 03                00011011 00000011               171
172        23 03                00100011 00000011               172
173        2b 03                00101011 00000011               173
174        33 03                00110011 00000011               174
175        3b 03                00111011 00000011               175
176        43 03                01000011 00000011               176
177        4b 03                01001011 00000011               177
178        53 03                01010011 00000011               178
179        5b 03                01011011 00000011               179
180        63 03                01100011 00000011               180
181        6b 03                01101011 00000011               181
182        73 03                01110011 00000011               182
183        7b 03                01111011 00000011               183
184        83 03                10000011 00000011               184
185        8b 03                10001011 00000011               185
186        93 03                10010011 00000011               186
187        9b 03                10011011 00000011               187
188        a3 03                10100011 00000011               188
189        ab 03                10101011 00000011               189
190        b3 03                10110011 00000011               190
191        bb 03                10111011 00000011               191
192        c3 03                11000011 00000011               192
193        cb 03                11001011 00000011               193
194        d3 03                11010011 00000011               194
195        db 03                11011011 00000011               195
196        e3 03                11100011 00000011               196
197        eb 03                11101011 00000011               197
198        f3 03                11110011 00000011               198
199        fb 03                11111011 00000011               199
200        03 04                00000011 00000100               200
201        0b 04                00001011 00000100               201
202        13 04                00010011 00000100               202
203        1b 04                00011011 00000100               203
204        23 04                00100011 00000100               204
205        2b 04                00101011 00000100               205
206        33 04                00110011 00000100               206
207        3b 04                00111011 00000100               207
208        43 04                01000011 00000100               208
209        4b 04                01001011 00000100               209
210        53 04                01010011 00000100               210
211        5b 04                01011011 00000100               211
212        63 04                01100011 00000100               212
213        6b 04                01101011 00000100               213
214        73 04                01110011 00000100               214
215        7b 04                01111011 00000100               215
216        83 04                10000011 00000100               216
217        8b 04                10001011 00000100               217
218        93 04                10010011 00000100               218
219        9b 04                10011011 00000100               219
220        a3 04                10100011 00000100               220
221        ab 04                10101011 00000100               221
222        b3 04                10110011 00000100               222
223        bb 04                10111011 00000100               223
224        c3 04                11000011 00000100               224
225        cb 04                11001011 00000100               225
226        d3 04                11010011 00000100               226
227        db 04                11011011 00000100               227
228        e3 04                11100011 00000100               228
229        eb 04                11101011 00000100               229
230        f3 04                11110011 00000100               230
231        fb 04                11111011 00000100               231
232        03 05                00000011 00000101               232
233        0b 05                00001011 00000101               233
234        13 05                00010011 00000101               234
235        1b 05                00011011 00000101               235
236        23 05                00100011 00000101               236
237        2b 05                00101011 00000101               237
238        33 05                00110011 00000101               238
239        3b 05                00111011 00000101               239
240        43 05                01000011 00000101               240
241        4b 05                01001011 00000101               241
242        53 05                01010011 00000101               242
243        5b 05                01011011 00000101               243
244        63 05                01100011 00000101               244
245        6b 05                01101011 00000101               245
246        73 05                01110011 00000101               246
247        7b 05                01111011 00000101               247
248        83 05                10000011 00000101               248
249        8b 05                10001011 00000101               249
250        93 05                10010011 00000101               250
251        9b 05                10011011 00000101               251
252        a3 05                10100011 00000101               252
253        ab 05                10101011 00000101               253
254        b3 05                10110011 00000101               254
255        bb 05                10111011 00000101               255
256        c3 05                11000011 00000101               256
257        cb 05                11001011 00000101               257
258        d3 05                11010011 00000101               258
259        db 05                11011011 00000101               259
260        e3 05                11100011 00000101               260
261        eb 05                11101011 00000101               261
262        f3 05                11110011 00000101               262
263        fb 05                11111011 00000101               263
264        03 06                00000011 00000110               264
265        0b 06                00001011 00000110               265
266        13 06                00010011 00000110               266
267        1b 06                00011011 00000110               267
268        23 06                00100011 00000110               268
269        2b 06                00101011 00000110               269
270        33 06                00110011 00000110               270
271        3b 06                00111011 00000110               271
272        43 06                01000011 00000110               272
273        4b 06                01001011 00000110               273
274        53 06                01010011 00000110               274
275        5b 06                01011011 00000110               275
276        63 06                01100011 00000110               276
277        6b 06                01101011 00000110               277
278        73 06                01110011 00000110               278
279        7b 06                01111011 00000110               279
280        83 06                10000011 00000110               280
281        8b 06                10001011 00000110               281
282        93 06                10010011 00000110               282
283        9b 06                10011011 00000110               283
284        a3 06                10100011 00000110               284
285        ab 06                10101011 00000110               285
286        b3 06                10110011 00000110               286
287        bb 06                10111011 00000110               287
288        c3 06                11000011 00000110               288
289        cb 06                11001011 00000110               289
290        d3 06                11010011 00000110               290
291        db 06                11011011 00000110               291
292        e3 06                11100011 00000110               292
293        eb 06                11101011 00000110               293
294        f3 06                11110011 00000110               294
295        fb 06                11111011 00000110               295
296        03 07                00000011 00000111               296
297        0b 07                00001011 00000111               297
298        13 07                00010011 00000111               298
299        1b 07                00011011 00000111               299

    Unsigned integers (exponent)
Number     Hex                                      Bin                                                               Decoded
1          02                                       00000010                                                          1
2          04                                       00000100                                                          2
4          08                                       00001000                                                          4
8          01                                       00000001                                                          8
16         21                                       00100001                                                          16
32         61                                       01100001                                                          32
64         e1                                       11100001                                                          64
128        c3 01                                    11000011 00000001                                                 128
256        c3 05                                    11000011 00000101                                                 256
512        c3 0d                                    11000011 00001101                                                 512
1024       87 1b                                    10000111 00011011                                                 1024
2048       87 5b                                    10000111 01011011                                                 2048
4096       87 db                                    10000111 11011011                                                 4096
8192       0f b7 01                                 00001111 10110111 00000001                                        8192
16384      0f b7 05                                 00001111 10110111 00000101                                        16384
32768      0f b7 0d                                 00001111 10110111 00001101                                        32768
65536      0f b7 1d                                 00001111 10110111 00011101                                        65536
131072     0f b7 3d                                 00001111 10110111 00111101                                        131072
262144     0f b7 7d                                 00001111 10110111 01111101                                        262144
524288     0f b7 fd                                 00001111 10110111 11111101                                        524288
1048576    1f 6e fb 01                              00011111 01101110 11111011 00000001                               1048576
2097152    1f 6e fb 05                              00011111 01101110 11111011 00000101                               2097152
4194304    1f 6e fb 0d                              00011111 01101110 11111011 00001101                               4194304
8388608    1f 6e fb 1d                              00011111 01101110 11111011 00011101                               8388608
16777216   1f 6e fb 3d                              00011111 01101110 11111011 00111101                               16777216
33554432   1f 6e fb 7d                              00011111 01101110 11111011 01111101                               33554432
67108864   1f 6e fb fd                              00011111 01101110 11111011 11111101                               67108864
134217728  3f b8 ed f7 03                           00111111 10111000 11101101 11110111 00000011                      134217728
268435456  3f b8 ed f7 0b                           00111111 10111000 11101101 11110111 00001011                      268435456
536870912  3f b8 ed f7 1b                           00111111 10111000 11101101 11110111 00011011                      536870912
1073741824 3f b8 ed f7 3b                           00111111 10111000 11101101 11110111 00111011                      1073741824
2147483648 3f b8 ed f7 7b                           00111111 10111000 11101101 11110111 01111011                      2147483648
4294967296 3f b8 ed f7 fb                           00111111 10111000 11101101 11110111 11111011                      4294967296
8589934592 7f b8 ed f7 fb 01                        01111111 10111000 11101101 11110111 11111011 00000001             8589934592
17179869184 7f b8 ed f7 fb 03                        01111111 10111000 11101101 11110111 11111011 00000011             17179869184
34359738368 7f b8 ed f7 fb 07                        01111111 10111000 11101101 11110111 11111011 00000111             34359738368
68719476736 7f b8 ed f7 fb 0f                        01111111 10111000 11101101 11110111 11111011 00001111             68719476736
137438953472 7f b8 ed f7 fb 1f                        01111111 10111000 11101101 11110111 11111011 00011111             137438953472
274877906944 7f b8 ed f7 fb 3f                        01111111 10111000 11101101 11110111 11111011 00111111             274877906944
549755813888 7f b8 ed f7 fb 7f                        01111111 10111000 11101101 11110111 11111011 01111111             549755813888
1099511627776 7f b8 ed f7 fb ff                        01111111 10111000 11101101 11110111 11111011 11111111             1099511627776
2199023255552 bf b8 ed f7 fb ff 01                     10111111 10111000 11101101 11110111 11111011 11111111 00000001    2199023255552
4398046511104 bf b8 ed f7 fb ff 03                     10111111 10111000 11101101 11110111 11111011 11111111 00000011    4398046511104
8796093022208 bf b8 ed f7 fb ff 07                     10111111 10111000 11101101 11110111 11111011 11111111 00000111    8796093022208
17592186044416 bf b8 ed f7 fb ff 0f                     10111111 10111000 11101101 11110111 11111011 11111111 00001111    17592186044416
35184372088832 bf b8 ed f7 fb ff 1f                     10111111 10111000 11101101 11110111 11111011 11111111 00011111    35184372088832
70368744177664 bf b8 ed f7 fb ff 3f                     10111111 10111000 11101101 11110111 11111011 11111111 00111111    70368744177664
140737488355328 bf b8 ed f7 fb ff 7f                     10111111 10111000 11101101 11110111 11111011 11111111 01111111    140737488355328
281474976710656 bf b8 ed f7 fb ff ff                     10111111 10111000 11101101 11110111 11111011 11111111 11111111    281474976710656
562949953421312 ff b8 ed f7 fb ff ff 01 00               11111111 10111000 11101101 11110111 11111011 11111111 11111111 00000001 00000000  562949953421312
1125899906842624 ff b8 ed f7 fb ff ff 03 00               11111111 10111000 11101101 11110111 11111011 11111111 11111111 00000011 00000000  1125899906842624
2251799813685248 ff b8 ed f7 fb ff ff 07 00               11111111 10111000 11101101 11110111 11111011 11111111 11111111 00000111 00000000  2251799813685248
4503599627370496 ff b8 ed f7 fb ff ff 0f 00               11111111 10111000 11101101 11110111 11111011 11111111 11111111 00001111 00000000  4503599627370496
9007199254740992 ff b8 ed f7 fb ff ff 1f 00               11111111 10111000 11101101 11110111 11111011 11111111 11111111 00011111 00000000  9007199254740992
18014398509481984 ff b8 ed f7 fb ff ff 3f 00               11111111 10111000 11101101 11110111 11111011 11111111 11111111 00111111 00000000  18014398509481984
36028797018963968 ff b8 ed f7 fb ff ff 7f 00               11111111 10111000 11101101 11110111 11111011 11111111 11111111 01111111 00000000  36028797018963968
72057594037927936 ff b8 ed f7 fb ff ff ff 00               11111111 10111000 11101101 11110111 11111011 11111111 11111111 11111111 00000000  72057594037927936
144115188075855872 ff b8 ed f7 fb ff ff ff 01               11111111 10111000 11101101 11110111 11111011 11111111 11111111 11111111 00000001  144115188075855872
288230376151711744 ff b8 ed f7 fb ff ff ff 03               11111111 10111000 11101101 11110111 11111011 11111111 11111111 11111111 00000011  288230376151711744
576460752303423488 ff b8 ed f7 fb ff ff ff 07               11111111 10111000 11101101 11110111 11111011 11111111 11111111 11111111 00000111  576460752303423488
1152921504606846976 ff b8 ed f7 fb ff ff ff 0f               11111111 10111000 11101101 11110111 11111011 11111111 11111111 11111111 00001111  1152921504606846976
2305843009213693952 ff b8 ed f7 fb ff ff ff 1f               11111111 10111000 11101101 11110111 11111011 11111111 11111111 11111111 00011111  2305843009213693952
4611686018427387904 ff b8 ed f7 fb ff ff ff 3f               11111111 10111000 11101101 11110111 11111011 11111111 11111111 11111111 00111111  4611686018427387904
9223372036854775808 ff b8 ed f7 fb ff ff ff 7f               11111111 10111000 11101101 11110111 11111011 11111111 11111111 11111111 01111111  9223372036854775808
18446744073709551615 ff b7 ed f7 fb ff ff ff ff               11111111 10110111 11101101 11110111 11111011 11111111 11111111 11111111 11111111  18446744073709551615

Boundary test cases:
Value                  Hex                              Bytes                          Decoded
0                      00                               00                             0
7                      0e                               0e                             7
8                      01                               01                             8
71                     fd                               fd                             71
72                     03 00                            03 00                          72
583                    fb 0f                            fb 0f                          583
584                    07 00                            07 00                          584
4679                   f7 ff                            f7 ff                          4679
4680                   0f 00 00                         0f 00 00                       4680
528967                 ef ff ff                         ef ff ff                       528967
528968                 1f 00 00 00                      1f 00 00 00                    528968
67637831               df ff ff ff                      df ff ff ff                    67637831
67637832               3f 00 00 00 00                   3f 00 00 00 00                 67637832
4362605127             3f ff ff ff ff                   3f ff ff ff ff                 4362605127
4362605128             7f 00 00 00 00 01                7f 00 00 00 00 01              4362605128
1099579265607          7f ff ff ff ff ff                7f ff ff ff ff ff              1099579265607
1099579265608          bf 00 00 00 00 00 01             bf 00 00 00 00 00 01           1099579265608
281475044348487        bf ff ff ff ff ff ff             bf ff ff ff ff ff ff           281475044348487
281475044348488        ff 00 00 00 00 00 00 01 00       ff 00 00 00 00 00 00 01 00     281475044348488
18446744073709551615   ff b7 ed f7 fb ff ff ff ff       ff b7 ed f7 fb ff ff ff ff     18446744073709551615

Random / special spot checks:
Value                  Hex                              Bytes                          Decoded
12345                  2f be 03                         2f be 03                       12345
678910                 9f 6d 92 00                      9f 6d 92 00                    678910
67108863               df 6d fb fd                      df 6d fb fd                    67108863
67108864               1f 6e fb fd                      1f 6e fb fd                    67108864
4294967295             3f b7 ed f7 fb                   3f b7 ed f7 fb                 4294967295
4294967296             3f b8 ed f7 fb                   3f b8 ed f7 fb                 4294967296
1099511627775          7f b7 ed f7 fb ff                7f b7 ed f7 fb ff              1099511627775
281474976710655        bf b7 ed f7 fb ff ff             bf b7 ed f7 fb ff ff           281474976710655
72057594037927935      ff b7 ed f7 fb ff ff ff 00       ff b7 ed f7 fb ff ff ff 00     72057594037927935
18446744073709551615   ff b7 ed f7 fb ff ff ff ff       ff b7 ed f7 fb ff ff ff ff     18446744073709551615

Sequence test values:
Idx  Value        Decoded
0    0            0
1    7            7
2    8            8
3    9            9
4    71           71
5    72           72
6    528967       528967
7    528968       528968
8    67637831     67637831
9    67637832     67637832
10   1099511627775 1099511627775
11   18446744073709551615 18446744073709551615

    Signed integers
Number     Hex                  Bin                  Decoded
-100       fb 03                11111011 00000011    -100
-99        eb 03                11101011 00000011    -99
-98        db 03                11011011 00000011    -98
-97        cb 03                11001011 00000011    -97
-96        bb 03                10111011 00000011    -96
-95        ab 03                10101011 00000011    -95
-94        9b 03                10011011 00000011    -94
-93        8b 03                10001011 00000011    -93
-92        7b 03                01111011 00000011    -92
-91        6b 03                01101011 00000011    -91
-90        5b 03                01011011 00000011    -90
-89        4b 03                01001011 00000011    -89
-88        3b 03                00111011 00000011    -88
-87        2b 03                00101011 00000011    -87
-86        1b 03                00011011 00000011    -86
-85        0b 03                00001011 00000011    -85
-84        fb 02                11111011 00000010    -84
-83        eb 02                11101011 00000010    -83
-82        db 02                11011011 00000010    -82
-81        cb 02                11001011 00000010    -81
-80        bb 02                10111011 00000010    -80
-79        ab 02                10101011 00000010    -79
-78        9b 02                10011011 00000010    -78
-77        8b 02                10001011 00000010    -77
-76        7b 02                01111011 00000010    -76
-75        6b 02                01101011 00000010    -75
-74        5b 02                01011011 00000010    -74
-73        4b 02                01001011 00000010    -73
-72        3b 02                00111011 00000010    -72
-71        2b 02                00101011 00000010    -71
-70        1b 02                00011011 00000010    -70
-69        0b 02                00001011 00000010    -69
-68        fb 01                11111011 00000001    -68
-67        eb 01                11101011 00000001    -67
-66        db 01                11011011 00000001    -66
-65        cb 01                11001011 00000001    -65
-64        bb 01                10111011 00000001    -64
-63        ab 01                10101011 00000001    -63
-62        9b 01                10011011 00000001    -62
-61        8b 01                10001011 00000001    -61
-60        7b 01                01111011 00000001    -60
-59        6b 01                01101011 00000001    -59
-58        5b 01                01011011 00000001    -58
-57        4b 01                01001011 00000001    -57
-56        3b 01                00111011 00000001    -56
-55        2b 01                00101011 00000001    -55
-54        1b 01                00011011 00000001    -54
-53        0b 01                00001011 00000001    -53
-52        fb 00                11111011 00000000    -52
-51        eb 00                11101011 00000000    -51
-50        db 00                11011011 00000000    -50
-49        cb 00                11001011 00000000    -49
-48        bb 00                10111011 00000000    -48
-47        ab 00                10101011 00000000    -47
-46        9b 00                10011011 00000000    -46
-45        8b 00                10001011 00000000    -45
-44        7b 00                01111011 00000000    -44
-43        6b 00                01101011 00000000    -43
-42        5b 00                01011011 00000000    -42
-41        4b 00                01001011 00000000    -41
-40        3b 00                00111011 00000000    -40
-39        2b 00                00101011 00000000    -39
-38        1b 00                00011011 00000000    -38
-37        0b 00                00001011 00000000    -37
-36        fd                   11111101             -36
-35        f5                   11110101             -35
-34        ed                   11101101             -34
-33        e5                   11100101             -33
-32        dd                   11011101             -32
-31        d5                   11010101             -31
-30        cd                   11001101             -30
-29        c5                   11000101             -29
-28        bd                   10111101             -28
-27        b5                   10110101             -27
-26        ad                   10101101             -26
-25        a5                   10100101             -25
-24        9d                   10011101             -24
-23        95                   10010101             -23
-22        8d                   10001101             -22
-21        85                   10000101             -21
-20        7d                   01111101             -20
-19        75                   01110101             -19
-18        6d                   01101101             -18
-17        65                   01100101             -17
-16        5d                   01011101             -16
-15        55                   01010101             -15
-14        4d                   01001101             -14
-13        45                   01000101             -13
-12        3d                   00111101             -12
-11        35                   00110101             -11
-10        2d                   00101101             -10
-9         25                   00100101             -9
-8         1d                   00011101             -8
-7         15                   00010101             -7
-6         0d                   00001101             -6
-5         05                   00000101             -5
-4         0e                   00001110             -4
-3         0a                   00001010             -3
-2         06                   00000110             -2
-1         02                   00000010             -1
0          00                   00000000             0
1          04                   00000100             1
2          08                   00001000             2
3          0c                   00001100             3
4          01                   00000001             4
5          09                   00001001             5
6          11                   00010001             6
7          19                   00011001             7
8          21                   00100001             8
9          29                   00101001             9
10         31                   00110001             10
11         39                   00111001             11
12         41                   01000001             12
13         49                   01001001             13
14         51                   01010001             14
15         59                   01011001             15
16         61                   01100001             16
17         69                   01101001             17
18         71                   01110001             18
19         79                   01111001             19
20         81                   10000001             20
21         89                   10001001             21
22         91                   10010001             22
23         99                   10011001             23
24         a1                   10100001             24
25         a9                   10101001             25
26         b1                   10110001             26
27         b9                   10111001             27
28         c1                   11000001             28
29         c9                   11001001             29
30         d1                   11010001             30
31         d9                   11011001             31
32         e1                   11100001             32
33         e9                   11101001             33
34         f1                   11110001             34
35         f9                   11111001             35
36         03 00                00000011 00000000    36
37         13 00                00010011 00000000    37
38         23 00                00100011 00000000    38
39         33 00                00110011 00000000    39
40         43 00                01000011 00000000    40
41         53 00                01010011 00000000    41
42         63 00                01100011 00000000    42
43         73 00                01110011 00000000    43
44         83 00                10000011 00000000    44
45         93 00                10010011 00000000    45
46         a3 00                10100011 00000000    46
47         b3 00                10110011 00000000    47
48         c3 00                11000011 00000000    48
49         d3 00                11010011 00000000    49
50         e3 00                11100011 00000000    50
51         f3 00                11110011 00000000    51
52         03 01                00000011 00000001    52
53         13 01                00010011 00000001    53
54         23 01                00100011 00000001    54
55         33 01                00110011 00000001    55
56         43 01                01000011 00000001    56
57         53 01                01010011 00000001    57
58         63 01                01100011 00000001    58
59         73 01                01110011 00000001    59
60         83 01                10000011 00000001    60
61         93 01                10010011 00000001    61
62         a3 01                10100011 00000001    62
63         b3 01                10110011 00000001    63
64         c3 01                11000011 00000001    64
65         d3 01                11010011 00000001    65
66         e3 01                11100011 00000001    66
67         f3 01                11110011 00000001    67
68         03 02                00000011 00000010    68
69         13 02                00010011 00000010    69
70         23 02                00100011 00000010    70
71         33 02                00110011 00000010    71
72         43 02                01000011 00000010    72
73         53 02                01010011 00000010    73
74         63 02                01100011 00000010    74
75         73 02                01110011 00000010    75
76         83 02                10000011 00000010    76
77         93 02                10010011 00000010    77
78         a3 02                10100011 00000010    78
79         b3 02                10110011 00000010    79
80         c3 02                11000011 00000010    80
81         d3 02                11010011 00000010    81
82         e3 02                11100011 00000010    82
83         f3 02                11110011 00000010    83
84         03 03                00000011 00000011    84
85         13 03                00010011 00000011    85
86         23 03                00100011 00000011    86
87         33 03                00110011 00000011    87
88         43 03                01000011 00000011    88
89         53 03                01010011 00000011    89
90         63 03                01100011 00000011    90
91         73 03                01110011 00000011    91
92         83 03                10000011 00000011    92
93         93 03                10010011 00000011    93
94         a3 03                10100011 00000011    94
95         b3 03                10110011 00000011    95
96         c3 03                11000011 00000011    96
97         d3 03                11010011 00000011    97
98         e3 03                11100011 00000011    98
99         f3 03                11110011 00000011    99
100        03 04                00000011 00000100    100

    Pairs of integers
Array              Decoded            Len    Hex                  Bin
[0, 0]             [0, 0]             1      00                   00000000
[1, 1]             [1, 1]             1      22                   00100010
[3, 2]             [3, 2]             1      46                   01000110
[6, 3]             [6, 3]             1      6c                   01101100
[10, 4]            [10, 4]            2      09 08                00001001 00001000
[15, 5]            [15, 5]            2      1d 0a                00011101 00001010
[21, 6]            [21, 6]            2      35 0c                00110101 00001100
[28, 7]            [28, 7]            2      51 0e                01010001 00001110
[36, 8]            [36, 8]            2      71 01                01110001 00000001
[45, 9]            [45, 9]            2      95 05                10010101 00000101
[55, 10]           [55, 10]           2      bd 09                10111101 00001001

    Arrays of consecutive integers
Array: [0] -> bytes=1 hex=00
Array: [0, 1] -> bytes=1 hex=20
Array: [0, 1, 2] -> bytes=2 hex=20 04
Array: [0, 1, 2, 3] -> bytes=2 hex=20 64
Array: [0, 1, 2, 3, 4] -> bytes=3 hex=20 64 08
Array: [0, 1, 2, 3, 4, 5] -> bytes=3 hex=20 64 a8
Array: [0, 1, 2, 3, 4, 5, 6] -> bytes=4 hex=20 64 a8 0c
Array: [0, 1, 2, 3, 4, 5, 6, 7] -> bytes=4 hex=20 64 a8 ec
Array: [0, 1, 2, 3, 4, 5, 6, 7, 8] -> bytes=5 hex=20 64 a8 ec 01
Array: [0, 1, 2, 3, 4, 5, 6, 7, 8, 9] -> bytes=6 hex=20 64 a8 ec 01 05

    Arrays of squared integers
Array: [0, 1] -> bytes=1 hex=20
Array: [0, 1, 4] -> bytes=2 hex=20 08
Array: [0, 1, 4, 9] -> bytes=3 hex=20 58 00
Array: [0, 1, 4, 9, 16] -> bytes=4 hex=20 58 10 02
Array: [0, 1, 4, 9, 16, 25] -> bytes=5 hex=20 58 10 52 04
Array: [0, 1, 4, 9, 16, 25, 36] -> bytes=6 hex=20 58 10 52 14 07
Array: [0, 1, 4, 9, 16, 25, 36, 49] -> bytes=7 hex=20 58 10 52 14 57 0a
Array: [0, 1, 4, 9, 16, 25, 36, 49, 64] -> bytes=8 hex=20 58 10 52 14 57 1a 0e
Array: [0, 1, 4, 9, 16, 25, 36, 49, 64, 81] -> bytes=9 hex=20 58 10 52 14 57 1a be 04

Precomputed constants:
_VALUE_BITS: (3, 6, 9, 12, 19, 26)
_CAPACITY: (8, 64, 512, 4096, 524288, 67108864)
_SHIFT: (0, 8, 72, 584, 4680, 528968)
_TOP: (7, 71, 583, 4679, 528967, 67637831)
_MAX_SMALL: 67637831
