
    Unsigned integers
Number     Hex                  Bin                             Decoded Value       
0          00                   00000000                        0                   
10         0a                   00001010                        10                  
20         14                   00010100                        20                  
30         1e                   00011110                        30                  
40         28                   00101000                        40                  
50         32                   00110010                        50                  
60         3c                   00111100                        60                  
70         46                   01000110                        70                  
80         50                   01010000                        80                  
90         5a                   01011010                        90                  
100        64                   01100100                        100                 
110        6e                   01101110                        110                 
120        78                   01111000                        120                 
130        82 00                10000010 00000000               130                 
140        8c 00                10001100 00000000               140                 
150        96 00                10010110 00000000               150                 
160        a0 00                10100000 00000000               160                 
170        aa 00                10101010 00000000               170                 
180        b4 00                10110100 00000000               180                 
190        be 00                10111110 00000000               190                 
200        c8 00                11001000 00000000               200                 
210        d2 00                11010010 00000000               210                 
220        dc 00                11011100 00000000               220                 
230        e6 00                11100110 00000000               230                 
240        f0 00                11110000 00000000               240                 
250        fa 00                11111010 00000000               250                 
260        84 01                10000100 00000001               260                 
270        8e 01                10001110 00000001               270                 
280        98 01                10011000 00000001               280                 
290        a2 01                10100010 00000001               290                 
300        ac 01                10101100 00000001               300                 
310        b6 01                10110110 00000001               310                 
320        c0 01                11000000 00000001               320                 
330        ca 01                11001010 00000001               330                 
340        d4 01                11010100 00000001               340                 
350        de 01                11011110 00000001               350                 
360        e8 01                11101000 00000001               360                 
370        f2 01                11110010 00000001               370                 
380        fc 01                11111100 00000001               380                 
390        86 02                10000110 00000010               390                 
400        90 02                10010000 00000010               400                 
410        9a 02                10011010 00000010               410                 
420        a4 02                10100100 00000010               420                 
430        ae 02                10101110 00000010               430                 
440        b8 02                10111000 00000010               440                 
450        c2 02                11000010 00000010               450                 
460        cc 02                11001100 00000010               460                 
470        d6 02                11010110 00000010               470                 
480        e0 02                11100000 00000010               480                 
490        ea 02                11101010 00000010               490                 
500        f4 02                11110100 00000010               500                 
510        fe 02                11111110 00000010               510                 
520        88 03                10001000 00000011               520                 
530        92 03                10010010 00000011               530                 
540        9c 03                10011100 00000011               540                 
550        a6 03                10100110 00000011               550                 
560        b0 03                10110000 00000011               560                 
570        ba 03                10111010 00000011               570                 
580        c4 03                11000100 00000011               580                 
590        ce 03                11001110 00000011               590                 
600        d8 03                11011000 00000011               600                 
610        e2 03                11100010 00000011               610                 
620        ec 03                11101100 00000011               620                 
630        f6 03                11110110 00000011               630                 
640        80 04                10000000 00000100               640                 
650        8a 04                10001010 00000100               650                 
660        94 04                10010100 00000100               660                 
670        9e 04                10011110 00000100               670                 
680        a8 04                10101000 00000100               680                 
690        b2 04                10110010 00000100               690                 
700        bc 04                10111100 00000100               700                 
710        c6 04                11000110 00000100               710                 
720        d0 04                11010000 00000100               720                 
730        da 04                11011010 00000100               730                 
740        e4 04                11100100 00000100               740                 
750        ee 04                11101110 00000100               750                 
760        f8 04                11111000 00000100               760                 
770        82 05                10000010 00000101               770                 
780        8c 05                10001100 00000101               780                 
790        96 05                10010110 00000101               790                 
800        a0 05                10100000 00000101               800                 
810        aa 05                10101010 00000101               810                 
820        b4 05                10110100 00000101               820                 
830        be 05                10111110 00000101               830                 
840        c8 05                11001000 00000101               840                 
850        d2 05                11010010 00000101               850                 
860        dc 05                11011100 00000101               860                 
870        e6 05                11100110 00000101               870                 
880        f0 05                11110000 00000101               880                 
890        fa 05                11111010 00000101               890                 
900        84 06                10000100 00000110               900                 
910        8e 06                10001110 00000110               910                 
920        98 06                10011000 00000110               920                 
930        a2 06                10100010 00000110               930                 
940        ac 06                10101100 00000110               940                 
950        b6 06                10110110 00000110               950                 
960        c0 06                11000000 00000110               960                 
970        ca 06                11001010 00000110               970                 
980        d4 06                11010100 00000110               980                 
990        de 06                11011110 00000110               990                 
1000       e8 06                11101000 00000110               1000                
1010       f2 06                11110010 00000110               1010                
1020       fc 06                11111100 00000110               1020                
1030       86 07                10000110 00000111               1030                
1040       90 07                10010000 00000111               1040                
1050       9a 07                10011010 00000111               1050                
1060       a4 07                10100100 00000111               1060                
1070       ae 07                10101110 00000111               1070                
1080       b8 07                10111000 00000111               1080                
1090       c2 07                11000010 00000111               1090                
1100       cc 07                11001100 00000111               1100                
1110       d6 07                11010110 00000111               1110                
1120       e0 07                11100000 00000111               1120                
1130       ea 07                11101010 00000111               1130                
1140       f4 07                11110100 00000111               1140                
1150       fe 07                11111110 00000111               1150                
1160       88 08                10001000 00001000               1160                
1170       92 08                10010010 00001000               1170                
1180       9c 08                10011100 00001000               1180                
1190       a6 08                10100110 00001000               1190                
1200       b0 08                10110000 00001000               1200                
1210       ba 08                10111010 00001000               1210                
1220       c4 08                11000100 00001000               1220                
1230       ce 08                11001110 00001000               1230                
1240       d8 08                11011000 00001000               1240                
1250       e2 08                11100010 00001000               1250                
1260       ec 08                11101100 00001000               1260                
1270       f6 08                11110110 00001000               1270                
1280       80 09                10000000 00001001               1280                
1290       8a 09                10001010 00001001               1290                
1300       94 09                10010100 00001001               1300                
1310       9e 09                10011110 00001001               1310                
1320       a8 09                10101000 00001001               1320                
1330       b2 09                10110010 00001001               1330                
1340       bc 09                10111100 00001001               1340                
1350       c6 09                11000110 00001001               1350                
1360       d0 09                11010000 00001001               1360                
1370       da 09                11011010 00001001               1370                
1380       e4 09                11100100 00001001               1380                
1390       ee 09                11101110 00001001               1390                
1400       f8 09                11111000 00001001               1400                
1410       82 0a                10000010 00001010               1410                
1420       8c 0a                10001100 00001010               1420                
1430       96 0a                10010110 00001010               1430                
1440       a0 0a                10100000 00001010               1440                
1450       aa 0a                10101010 00001010               1450                
1460       b4 0a                10110100 00001010               1460                
1470       be 0a                10111110 00001010               1470                
1480       c8 0a                11001000 00001010               1480                
1490       d2 0a                11010010 00001010               1490                
1500       dc 0a                11011100 00001010               1500                
1510       e6 0a                11100110 00001010               1510                
1520       f0 0a                11110000 00001010               1520                
1530       fa 0a                11111010 00001010               1530                
1540       84 0b                10000100 00001011               1540                
1550       8e 0b                10001110 00001011               1550                
1560       98 0b                10011000 00001011               1560                
1570       a2 0b                10100010 00001011               1570                
1580       ac 0b                10101100 00001011               1580                
1590       b6 0b                10110110 00001011               1590                
1600       c0 0b                11000000 00001011               1600                
1610       ca 0b                11001010 00001011               1610                
1620       d4 0b                11010100 00001011               1620                
1630       de 0b                11011110 00001011               1630                
1640       e8 0b                11101000 00001011               1640                
1650       f2 0b                11110010 00001011               1650                
1660       fc 0b                11111100 00001011               1660                
1670       86 0c                10000110 00001100               1670                
1680       90 0c                10010000 00001100               1680                
1690       9a 0c                10011010 00001100               1690                
1700       a4 0c                10100100 00001100               1700                
1710       ae 0c                10101110 00001100               1710                
1720       b8 0c                10111000 00001100               1720                
1730       c2 0c                11000010 00001100               1730                
1740       cc 0c                11001100 00001100               1740                
1750       d6 0c                11010110 00001100               1750                
1760       e0 0c                11100000 00001100               1760                
1770       ea 0c                11101010 00001100               1770                
1780       f4 0c                11110100 00001100               1780                
1790       fe 0c                11111110 00001100               1790                
1800       88 0d                10001000 00001101               1800                
1810       92 0d                10010010 00001101               1810                
1820       9c 0d                10011100 00001101               1820                
1830       a6 0d                10100110 00001101               1830                
1840       b0 0d                10110000 00001101               1840                
1850       ba 0d                10111010 00001101               1850                
1860       c4 0d                11000100 00001101               1860                
1870       ce 0d                11001110 00001101               1870                
1880       d8 0d                11011000 00001101               1880                
1890       e2 0d                11100010 00001101               1890                
1900       ec 0d                11101100 00001101               1900                
1910       f6 0d                11110110 00001101               1910                
1920       80 0e                10000000 00001110               1920                
1930       8a 0e                10001010 00001110               1930                
1940       94 0e                10010100 00001110               1940                
1950       9e 0e                10011110 00001110               1950                
1960       a8 0e                10101000 00001110               1960                
1970       b2 0e                10110010 00001110               1970                
1980       bc 0e                10111100 00001110               1980                
1990       c6 0e                11000110 00001110               1990                
2000       d0 0e                11010000 00001110               2000                
2080       a0 0f                10100000 00001111               2080                
2210       a2 10                10100010 00010000               2210                
2530       e2 12                11100010 00010010               2530                
3280       d0 18                11010000 00011000               3280                
4980       f4 25                11110100 00100101               4980                
8820       f4 43                11110100 01000011               8820                
17360      d0 86 00             11010000 10000110 00000000      17360               
36130      a2 99 01             10100010 10011001 00000001      36130               
77090      a2 d9 03             10100010 11011001 00000011      77090               
165840     d0 8e 09             11010000 10001110 00001001      165840              
356980     f4 e3 14             11110100 11100011 00010100      356980              
766580     f4 e3 2d             11110100 11100011 00101101      766580              
1640400    d0 8e 63             11010000 10001110 01100011      1640400             
3497250    a2 b9 d4 00          10100010 10111001 11010100 00000000  3497250             
7429410    a2 b9 c4 02          10100010 10111001 11000100 00000010  7429410             
15730640   d0 8e bf 06          11010000 10001110 10111111 00000110  15730640            
33206900   f4 e3 e9 0e          11110100 11100011 11101001 00001110  33206900            
69907060   f4 e3 a9 20          11110100 11100011 10101001 00100000  69907060            
146802640  d0 8e ff 44          11010000 10001110 11111111 01000100  146802640           
307584290  a2 b9 d4 91 00       10100010 10111001 11010100 10010001 00000000  307584290           
643128610  a2 b9 d4 b1 01       10100010 10111001 11010100 10110001 00000001  643128610           
1342179280 d0 8e ff fe 03       11010000 10001110 11111111 11111110 00000011  1342179280          
2796204660 f4 e3 a9 b4 09       11110100 11100011 10101001 10110100 00001001  2796204660          
5816103540 f4 e3 a9 d4 14       11110100 11100011 10101001 11010100 00010100  5816103540          
12079597520 d0 8e ff fe 2b       11010000 10001110 11111111 11111110 00101011  12079597520         
25053977890 a2 b9 d4 a9 5c       10100010 10111001 11010100 10101001 01011100  25053977890         
51897523490 a2 b9 d4 a9 c0 00    10100010 10111001 11010100 10101001 11000000 00000000  51897523490         

    Signed integers
Number     Hex                  Bin                  Decoded Value       
-1000      cf 0e                11001111 00001110    -1000               
-990       bb 0e                10111011 00001110    -990                
-980       a7 0e                10100111 00001110    -980                
-970       93 0e                10010011 00001110    -970                
-960       ff 0d                11111111 00001101    -960                
-950       eb 0d                11101011 00001101    -950                
-940       d7 0d                11010111 00001101    -940                
-930       c3 0d                11000011 00001101    -930                
-920       af 0d                10101111 00001101    -920                
-910       9b 0d                10011011 00001101    -910                
-900       87 0d                10000111 00001101    -900                
-890       f3 0c                11110011 00001100    -890                
-880       df 0c                11011111 00001100    -880                
-870       cb 0c                11001011 00001100    -870                
-860       b7 0c                10110111 00001100    -860                
-850       a3 0c                10100011 00001100    -850                
-840       8f 0c                10001111 00001100    -840                
-830       fb 0b                11111011 00001011    -830                
-820       e7 0b                11100111 00001011    -820                
-810       d3 0b                11010011 00001011    -810                
-800       bf 0b                10111111 00001011    -800                
-790       ab 0b                10101011 00001011    -790                
-780       97 0b                10010111 00001011    -780                
-770       83 0b                10000011 00001011    -770                
-760       ef 0a                11101111 00001010    -760                
-750       db 0a                11011011 00001010    -750                
-740       c7 0a                11000111 00001010    -740                
-730       b3 0a                10110011 00001010    -730                
-720       9f 0a                10011111 00001010    -720                
-710       8b 0a                10001011 00001010    -710                
-700       f7 09                11110111 00001001    -700                
-690       e3 09                11100011 00001001    -690                
-680       cf 09                11001111 00001001    -680                
-670       bb 09                10111011 00001001    -670                
-660       a7 09                10100111 00001001    -660                
-650       93 09                10010011 00001001    -650                
-640       ff 08                11111111 00001000    -640                
-630       eb 08                11101011 00001000    -630                
-620       d7 08                11010111 00001000    -620                
-610       c3 08                11000011 00001000    -610                
-600       af 08                10101111 00001000    -600                
-590       9b 08                10011011 00001000    -590                
-580       87 08                10000111 00001000    -580                
-570       f3 07                11110011 00000111    -570                
-560       df 07                11011111 00000111    -560                
-550       cb 07                11001011 00000111    -550                
-540       b7 07                10110111 00000111    -540                
-530       a3 07                10100011 00000111    -530                
-520       8f 07                10001111 00000111    -520                
-510       fb 06                11111011 00000110    -510                
-500       e7 06                11100111 00000110    -500                
-490       d3 06                11010011 00000110    -490                
-480       bf 06                10111111 00000110    -480                
-470       ab 06                10101011 00000110    -470                
-460       97 06                10010111 00000110    -460                
-450       83 06                10000011 00000110    -450                
-440       ef 05                11101111 00000101    -440                
-430       db 05                11011011 00000101    -430                
-420       c7 05                11000111 00000101    -420                
-410       b3 05                10110011 00000101    -410                
-400       9f 05                10011111 00000101    -400                
-390       8b 05                10001011 00000101    -390                
-380       f7 04                11110111 00000100    -380                
-370       e3 04                11100011 00000100    -370                
-360       cf 04                11001111 00000100    -360                
-350       bb 04                10111011 00000100    -350                
-340       a7 04                10100111 00000100    -340                
-330       93 04                10010011 00000100    -330                
-320       ff 03                11111111 00000011    -320                
-310       eb 03                11101011 00000011    -310                
-300       d7 03                11010111 00000011    -300                
-290       c3 03                11000011 00000011    -290                
-280       af 03                10101111 00000011    -280                
-270       9b 03                10011011 00000011    -270                
-260       87 03                10000111 00000011    -260                
-250       f3 02                11110011 00000010    -250                
-240       df 02                11011111 00000010    -240                
-230       cb 02                11001011 00000010    -230                
-220       b7 02                10110111 00000010    -220                
-210       a3 02                10100011 00000010    -210                
-200       8f 02                10001111 00000010    -200                
-190       fb 01                11111011 00000001    -190                
-180       e7 01                11100111 00000001    -180                
-170       d3 01                11010011 00000001    -170                
-160       bf 01                10111111 00000001    -160                
-150       ab 01                10101011 00000001    -150                
-140       97 01                10010111 00000001    -140                
-130       83 01                10000011 00000001    -130                
-120       ef 00                11101111 00000000    -120                
-110       db 00                11011011 00000000    -110                
-100       c7 00                11000111 00000000    -100                
-90        b3 00                10110011 00000000    -90                 
-80        9f 00                10011111 00000000    -80                 
-70        8b 00                10001011 00000000    -70                 
-60        77                   01110111             -60                 
-50        63                   01100011             -50                 
-40        4f                   01001111             -40                 
-30        3b                   00111011             -30                 
-20        27                   00100111             -20                 
-10        13                   00010011             -10                 
0          00                   00000000             0                   
10         14                   00010100             10                  
20         28                   00101000             20                  
30         3c                   00111100             30                  
40         50                   01010000             40                  
50         64                   01100100             50                  
60         78                   01111000             60                  
70         8c 00                10001100 00000000    70                  
80         a0 00                10100000 00000000    80                  
90         b4 00                10110100 00000000    90                  
100        c8 00                11001000 00000000    100                 
110        dc 00                11011100 00000000    110                 
120        f0 00                11110000 00000000    120                 
130        84 01                10000100 00000001    130                 
140        98 01                10011000 00000001    140                 
150        ac 01                10101100 00000001    150                 
160        c0 01                11000000 00000001    160                 
170        d4 01                11010100 00000001    170                 
180        e8 01                11101000 00000001    180                 
190        fc 01                11111100 00000001    190                 
200        90 02                10010000 00000010    200                 
210        a4 02                10100100 00000010    210                 
220        b8 02                10111000 00000010    220                 
230        cc 02                11001100 00000010    230                 
240        e0 02                11100000 00000010    240                 
250        f4 02                11110100 00000010    250                 
260        88 03                10001000 00000011    260                 
270        9c 03                10011100 00000011    270                 
280        b0 03                10110000 00000011    280                 
290        c4 03                11000100 00000011    290                 
300        d8 03                11011000 00000011    300                 
310        ec 03                11101100 00000011    310                 
320        80 04                10000000 00000100    320                 
330        94 04                10010100 00000100    330                 
340        a8 04                10101000 00000100    340                 
350        bc 04                10111100 00000100    350                 
360        d0 04                11010000 00000100    360                 
370        e4 04                11100100 00000100    370                 
380        f8 04                11111000 00000100    380                 
390        8c 05                10001100 00000101    390                 
400        a0 05                10100000 00000101    400                 
410        b4 05                10110100 00000101    410                 
420        c8 05                11001000 00000101    420                 
430        dc 05                11011100 00000101    430                 
440        f0 05                11110000 00000101    440                 
450        84 06                10000100 00000110    450                 
460        98 06                10011000 00000110    460                 
470        ac 06                10101100 00000110    470                 
480        c0 06                11000000 00000110    480                 
490        d4 06                11010100 00000110    490                 
500        e8 06                11101000 00000110    500                 
510        fc 06                11111100 00000110    510                 
520        90 07                10010000 00000111    520                 
530        a4 07                10100100 00000111    530                 
540        b8 07                10111000 00000111    540                 
550        cc 07                11001100 00000111    550                 
560        e0 07                11100000 00000111    560                 
570        f4 07                11110100 00000111    570                 
580        88 08                10001000 00001000    580                 
590        9c 08                10011100 00001000    590                 
600        b0 08                10110000 00001000    600                 
610        c4 08                11000100 00001000    610                 
620        d8 08                11011000 00001000    620                 
630        ec 08                11101100 00001000    630                 
640        80 09                10000000 00001001    640                 
650        94 09                10010100 00001001    650                 
660        a8 09                10101000 00001001    660                 
670        bc 09                10111100 00001001    670                 
680        d0 09                11010000 00001001    680                 
690        e4 09                11100100 00001001    690                 
700        f8 09                11111000 00001001    700                 
710        8c 0a                10001100 00001010    710                 
720        a0 0a                10100000 00001010    720                 
730        b4 0a                10110100 00001010    730                 
740        c8 0a                11001000 00001010    740                 
750        dc 0a                11011100 00001010    750                 
760        f0 0a                11110000 00001010    760                 
770        84 0b                10000100 00001011    770                 
780        98 0b                10011000 00001011    780                 
790        ac 0b                10101100 00001011    790                 
800        c0 0b                11000000 00001011    800                 
810        d4 0b                11010100 00001011    810                 
820        e8 0b                11101000 00001011    820                 
830        fc 0b                11111100 00001011    830                 
840        90 0c                10010000 00001100    840                 
850        a4 0c                10100100 00001100    850                 
860        b8 0c                10111000 00001100    860                 
870        cc 0c                11001100 00001100    870                 
880        e0 0c                11100000 00001100    880                 
890        f4 0c                11110100 00001100    890                 
900        88 0d                10001000 00001101    900                 
910        9c 0d                10011100 00001101    910                 
920        b0 0d                10110000 00001101    920                 
930        c4 0d                11000100 00001101    930                 
940        d8 0d                11011000 00001101    940                 
950        ec 0d                11101100 00001101    950                 
960        80 0e                10000000 00001110    960                 
970        94 0e                10010100 00001110    970                 
980        a8 0e                10101000 00001110    980                 
990        bc 0e                10111100 00001110    990                 
1000       d0 0e                11010000 00001110    1000                

    Unsigned integers (exponent)
Number     Hex                                      Bin                                                               Decoded
1          01                                       00000001                                                          1
2          02                                       00000010                                                          2
4          04                                       00000100                                                          4
8          08                                       00001000                                                          8
16         10                                       00010000                                                          16
32         20                                       00100000                                                          32
64         40                                       01000000                                                          64
128        80 00                                    10000000 00000000                                                 128
256        80 01                                    10000000 00000001                                                 256
512        80 03                                    10000000 00000011                                                 512
1024       80 07                                    10000000 00000111                                                 1024
2048       80 0f                                    10000000 00001111                                                 2048
4096       80 1f                                    10000000 00011111                                                 4096
8192       80 3f                                    10000000 00111111                                                 8192
16384      80 7f                                    10000000 01111111                                                 16384
32768      80 ff 00                                 10000000 11111111 00000000                                        32768
65536      80 ff 02                                 10000000 11111111 00000010                                        65536
131072     80 ff 06                                 10000000 11111111 00000110                                        131072
262144     80 ff 0e                                 10000000 11111111 00001110                                        262144
524288     80 ff 1e                                 10000000 11111111 00011110                                        524288
1048576    80 ff 3e                                 10000000 11111111 00111110                                        1048576
2097152    80 ff 7e                                 10000000 11111111 01111110                                        2097152
4194304    80 ff fe 00                              10000000 11111111 11111110 00000000                               4194304
8388608    80 ff fe 02                              10000000 11111111 11111110 00000010                               8388608
16777216   80 ff fe 06                              10000000 11111111 11111110 00000110                               16777216
33554432   80 ff fe 0e                              10000000 11111111 11111110 00001110                               33554432
67108864   80 ff fe 1e                              10000000 11111111 11111110 00011110                               67108864
134217728  80 ff fe 3e                              10000000 11111111 11111110 00111110                               134217728
268435456  80 ff fe 7e                              10000000 11111111 11111110 01111110                               268435456
536870912  80 ff fe fe 00                           10000000 11111111 11111110 11111110 00000000                      536870912
1073741824 80 ff fe fe 02                           10000000 11111111 11111110 11111110 00000010                      1073741824
2147483648 80 ff fe fe 06                           10000000 11111111 11111110 11111110 00000110                      2147483648
4294967296 80 ff fe fe 0e                           10000000 11111111 11111110 11111110 00001110                      4294967296
8589934592 80 ff fe fe 1e                           10000000 11111111 11111110 11111110 00011110                      8589934592
17179869184 80 ff fe fe 3e                           10000000 11111111 11111110 11111110 00111110                      17179869184
34359738368 80 ff fe fe 7e                           10000000 11111111 11111110 11111110 01111110                      34359738368
68719476736 80 ff fe fe fe 00                        10000000 11111111 11111110 11111110 11111110 00000000             68719476736
137438953472 80 ff fe fe fe 02                        10000000 11111111 11111110 11111110 11111110 00000010             137438953472
274877906944 80 ff fe fe fe 06                        10000000 11111111 11111110 11111110 11111110 00000110             274877906944
549755813888 80 ff fe fe fe 0e                        10000000 11111111 11111110 11111110 11111110 00001110             549755813888
1099511627776 80 ff fe fe fe 1e                        10000000 11111111 11111110 11111110 11111110 00011110             1099511627776
2199023255552 80 ff fe fe fe 3e                        10000000 11111111 11111110 11111110 11111110 00111110             2199023255552
4398046511104 80 ff fe fe fe 7e                        10000000 11111111 11111110 11111110 11111110 01111110             4398046511104
8796093022208 80 ff fe fe fe fe 00                     10000000 11111111 11111110 11111110 11111110 11111110 00000000    8796093022208
17592186044416 80 ff fe fe fe fe 02                     10000000 11111111 11111110 11111110 11111110 11111110 00000010    17592186044416
35184372088832 80 ff fe fe fe fe 06                     10000000 11111111 11111110 11111110 11111110 11111110 00000110    35184372088832
70368744177664 80 ff fe fe fe fe 0e                     10000000 11111111 11111110 11111110 11111110 11111110 00001110    70368744177664
140737488355328 80 ff fe fe fe fe 1e                     10000000 11111111 11111110 11111110 11111110 11111110 00011110    140737488355328
281474976710656 80 ff fe fe fe fe 3e                     10000000 11111111 11111110 11111110 11111110 11111110 00111110    281474976710656
562949953421312 80 ff fe fe fe fe 7e                     10000000 11111111 11111110 11111110 11111110 11111110 01111110    562949953421312
1125899906842624 80 ff fe fe fe fe fe 00                  10000000 11111111 11111110 11111110 11111110 11111110 11111110 00000000  1125899906842624
2251799813685248 80 ff fe fe fe fe fe 02                  10000000 11111111 11111110 11111110 11111110 11111110 11111110 00000010  2251799813685248
4503599627370496 80 ff fe fe fe fe fe 06                  10000000 11111111 11111110 11111110 11111110 11111110 11111110 00000110  4503599627370496
9007199254740992 80 ff fe fe fe fe fe 0e                  10000000 11111111 11111110 11111110 11111110 11111110 11111110 00001110  9007199254740992
18014398509481984 80 ff fe fe fe fe fe 1e                  10000000 11111111 11111110 11111110 11111110 11111110 11111110 00011110  18014398509481984
36028797018963968 80 ff fe fe fe fe fe 3e                  10000000 11111111 11111110 11111110 11111110 11111110 11111110 00111110  36028797018963968
72057594037927936 80 ff fe fe fe fe fe 7e                  10000000 11111111 11111110 11111110 11111110 11111110 11111110 01111110  72057594037927936
144115188075855872 80 ff fe fe fe fe fe fe 00               10000000 11111111 11111110 11111110 11111110 11111110 11111110 11111110 00000000  144115188075855872
288230376151711744 80 ff fe fe fe fe fe fe 02               10000000 11111111 11111110 11111110 11111110 11111110 11111110 11111110 00000010  288230376151711744
576460752303423488 80 ff fe fe fe fe fe fe 06               10000000 11111111 11111110 11111110 11111110 11111110 11111110 11111110 00000110  576460752303423488
1152921504606846976 80 ff fe fe fe fe fe fe 0e               10000000 11111111 11111110 11111110 11111110 11111110 11111110 11111110 00001110  1152921504606846976
2305843009213693952 80 ff fe fe fe fe fe fe 1e               10000000 11111111 11111110 11111110 11111110 11111110 11111110 11111110 00011110  2305843009213693952
4611686018427387904 80 ff fe fe fe fe fe fe 3e               10000000 11111111 11111110 11111110 11111110 11111110 11111110 11111110 00111110  4611686018427387904
9223372036854775808 80 ff fe fe fe fe fe fe 7e               10000000 11111111 11111110 11111110 11111110 11111110 11111110 11111110 01111110  9223372036854775808
18446744073709551615 ff fe fe fe fe fe fe fe fe 00            11111111 11111110 11111110 11111110 11111110 11111110 11111110 11111110 11111110 00000000  18446744073709551615

    Pairs of integers
Array           Decoded         Len      Hex        Bin             
[0, 0]          [0, 0]          2        00 00      00000000 00000000
[55, 10]        [55, 10]        2        37 0a      00110111 00001010
[210, 20]       [210, 20]       3        d2 00 14   11010010 00000000 00010100
[465, 30]       [465, 30]       3        d1 02 1e   11010001 00000010 00011110
[820, 40]       [820, 40]       3        b4 05 28   10110100 00000101 00101000
[1275, 50]      [1275, 50]      3        fb 08 32   11111011 00001000 00110010
[1830, 60]      [1830, 60]      3        a6 0d 3c   10100110 00001101 00111100
[2485, 70]      [2485, 70]      3        b5 12 46   10110101 00010010 01000110
[3240, 80]      [3240, 80]      3        a8 18 50   10101000 00011000 01010000
[4095, 90]      [4095, 90]      3        ff 1e 5a   11111111 00011110 01011010
[5050, 100]     [5050, 100]     3        ba 26 64   10111010 00100110 01100100

    Array of small integers

Array:    [0]       	(1 elements)
Decoded:  [0]
Hex dump: 00	(1 bytes)
Bin dump: 00000000

Array:    [0, 50]   	(2 elements)
Decoded:  [0, 50]
Hex dump: 00 32	(2 bytes)
Bin dump: 00000000 00110010

Array:    [0, 50, 100]	(3 elements)
Decoded:  [0, 50, 100]
Hex dump: 00 32 64	(3 bytes)
Bin dump: 00000000 00110010 01100100

Array:    [0, 50, 100, 150]	(4 elements)
Decoded:  [0, 50, 100, 150]
Hex dump: 00 32 64 96 00	(5 bytes)
Bin dump: 00000000 00110010 01100100 10010110 00000000

Array:    [0, 50, 100, 150, 200]	(5 elements)
Decoded:  [0, 50, 100, 150, 200]
Hex dump: 00 32 64 96 00 c8 00	(7 bytes)
Bin dump: 00000000 00110010 01100100 10010110 00000000 11001000 00000000

Array:    [0, 50, 100, 150, 200, 250]	(6 elements)
Decoded:  [0, 50, 100, 150, 200, 250]
Hex dump: 00 32 64 96 00 c8 00 fa 00	(9 bytes)
Bin dump: 00000000 00110010 01100100 10010110 00000000 11001000 00000000 11111010 00000000

Array:    [0, 50, 100, 150, 200, 250, 300]	(7 elements)
Decoded:  [0, 50, 100, 150, 200, 250, 300]
Hex dump: 00 32 64 96 00 c8 00 fa 00 ac 01	(11 bytes)
Bin dump: 00000000 00110010 01100100 10010110 00000000 11001000 00000000 11111010 00000000 10101100 00000001

Array:    [0, 50, 100, 150, 200, 250, 300, 350]	(8 elements)
Decoded:  [0, 50, 100, 150, 200, 250, 300, 350]
Hex dump: 00 32 64 96 00 c8 00 fa 00 ac 01 de 01	(13 bytes)
Bin dump: 00000000 00110010 01100100 10010110 00000000 11001000 00000000 11111010 00000000 10101100 00000001 11011110 00000001

Array:    [0, 50, 100, 150, 200, 250, 300, 350, 400]	(9 elements)
Decoded:  [0, 50, 100, 150, 200, 250, 300, 350, 400]
Hex dump: 00 32 64 96 00 c8 00 fa 00 ac 01 de 01 90 02	(15 bytes)
Bin dump: 00000000 00110010 01100100 10010110 00000000 11001000 00000000 11111010 00000000 10101100 00000001 11011110 00000001 10010000 00000010

Array:    [0, 50, 100, 150, 200, 250, 300, 350, 400, 450]	(10 elements)
Decoded:  [0, 50, 100, 150, 200, 250, 300, 350, 400, 450]
Hex dump: 00 32 64 96 00 c8 00 fa 00 ac 01 de 01 90 02 c2 02	(17 bytes)
Bin dump: 00000000 00110010 01100100 10010110 00000000 11001000 00000000 11111010 00000000 10101100 00000001 11011110 00000001 10010000 00000010 11000010 00000010

    Array of bigger integers

Array:    [0, 50]   	(2 elements)
Decoded:  [0, 50]
Hex dump: 00 32	(2 bytes)
Bin dump: 00000000 00110010

Array:    [0, 50, 200]	(3 elements)
Decoded:  [0, 50, 200]
Hex dump: 00 32 c8 00	(4 bytes)
Bin dump: 00000000 00110010 11001000 00000000

Array:    [0, 50, 200, 450]	(4 elements)
Decoded:  [0, 50, 200, 450]
Hex dump: 00 32 c8 00 c2 02	(6 bytes)
Bin dump: 00000000 00110010 11001000 00000000 11000010 00000010

Array:    [0, 50, 200, 450, 800]	(5 elements)
Decoded:  [0, 50, 200, 450, 800]
Hex dump: 00 32 c8 00 c2 02 a0 05	(8 bytes)
Bin dump: 00000000 00110010 11001000 00000000 11000010 00000010 10100000 00000101

Array:    [0, 50, 200, 450, 800, 1250]	(6 elements)
Decoded:  [0, 50, 200, 450, 800, 1250]
Hex dump: 00 32 c8 00 c2 02 a0 05 e2 08	(10 bytes)
Bin dump: 00000000 00110010 11001000 00000000 11000010 00000010 10100000 00000101 11100010 00001000

Array:    [0, 50, 200, 450, 800, 1250, 1800]	(7 elements)
Decoded:  [0, 50, 200, 450, 800, 1250, 1800]
Hex dump: 00 32 c8 00 c2 02 a0 05 e2 08 88 0d	(12 bytes)
Bin dump: 00000000 00110010 11001000 00000000 11000010 00000010 10100000 00000101 11100010 00001000 10001000 00001101

Array:    [0, 50, 200, 450, 800, 1250, 1800, 2450]	(8 elements)
Decoded:  [0, 50, 200, 450, 800, 1250, 1800, 2450]
Hex dump: 00 32 c8 00 c2 02 a0 05 e2 08 88 0d 92 12	(14 bytes)
Bin dump: 00000000 00110010 11001000 00000000 11000010 00000010 10100000 00000101 11100010 00001000 10001000 00001101 10010010 00010010

Array:    [0, 50, 200, 450, 800, 1250, 1800, 2450, 3200]	(9 elements)
Decoded:  [0, 50, 200, 450, 800, 1250, 1800, 2450, 3200]
Hex dump: 00 32 c8 00 c2 02 a0 05 e2 08 88 0d 92 12 80 18	(16 bytes)
Bin dump: 00000000 00110010 11001000 00000000 11000010 00000010 10100000 00000101 11100010 00001000 10001000 00001101 10010010 00010010 10000000 00011000

Array:    [0, 50, 200, 450, 800, 1250, 1800, 2450, 3200, 4050]	(10 elements)
Decoded:  [0, 50, 200, 450, 800, 1250, 1800, 2450, 3200, 4050]
Hex dump: 00 32 c8 00 c2 02 a0 05 e2 08 88 0d 92 12 80 18 d2 1e	(18 bytes)
Bin dump: 00000000 00110010 11001000 00000000 11000010 00000010 10100000 00000101 11100010 00001000 10001000 00001101 10010010 00010010 10000000 00011000 11010010 00011110

    Boundary values (true length transitions)
v=0                      bytes=1 hex=00                        bin=00000000
v=1                      bytes=1 hex=01                        bin=00000001
v=126                    bytes=1 hex=7e                        bin=01111110
v=127                    bytes=1 hex=7f                        bin=01111111
v=128                    bytes=2 hex=80 00                     bin=10000000 00000000
v=129                    bytes=2 hex=81 00                     bin=10000001 00000000
v=16510                  bytes=2 hex=fe 7f                     bin=11111110 01111111
v=16511                  bytes=2 hex=ff 7f                     bin=11111111 01111111
v=16512                  bytes=3 hex=80 80 00                  bin=10000000 10000000 00000000
v=16513                  bytes=3 hex=81 80 00                  bin=10000001 10000000 00000000
v=2113662                bytes=3 hex=fe ff 7f                  bin=11111110 11111111 01111111
v=2113663                bytes=3 hex=ff ff 7f                  bin=11111111 11111111 01111111
v=2113664                bytes=4 hex=80 80 80 00               bin=10000000 10000000 10000000 00000000
v=2113665                bytes=4 hex=81 80 80 00               bin=10000001 10000000 10000000 00000000
v=270549118              bytes=4 hex=fe ff ff 7f               bin=11111110 11111111 11111111 01111111
v=270549119              bytes=4 hex=ff ff ff 7f               bin=11111111 11111111 11111111 01111111
v=270549120              bytes=5 hex=80 80 80 80 00            bin=10000000 10000000 10000000 10000000 00000000
v=270549121              bytes=5 hex=81 80 80 80 00            bin=10000001 10000000 10000000 10000000 00000000
v=34630287486            bytes=5 hex=fe ff ff ff 7f            bin=11111110 11111111 11111111 11111111 01111111
v=34630287487            bytes=5 hex=ff ff ff ff 7f            bin=11111111 11111111 11111111 11111111 01111111
v=34630287488            bytes=6 hex=80 80 80 80 80 00         bin=10000000 10000000 10000000 10000000 10000000 00000000
v=34630287489            bytes=6 hex=81 80 80 80 80 00         bin=10000001 10000000 10000000 10000000 10000000 00000000
v=4432676798590          bytes=6 hex=fe ff ff ff ff 7f         bin=11111110 11111111 11111111 11111111 11111111 01111111
v=4432676798591          bytes=6 hex=ff ff ff ff ff 7f         bin=11111111 11111111 11111111 11111111 11111111 01111111
v=4432676798592          bytes=7 hex=80 80 80 80 80 80 00      bin=10000000 10000000 10000000 10000000 10000000 10000000 00000000
v=4432676798593          bytes=7 hex=81 80 80 80 80 80 00      bin=10000001 10000000 10000000 10000000 10000000 10000000 00000000
v=567382630219902        bytes=7 hex=fe ff ff ff ff ff 7f      bin=11111110 11111111 11111111 11111111 11111111 11111111 01111111
v=567382630219903        bytes=7 hex=ff ff ff ff ff ff 7f      bin=11111111 11111111 11111111 11111111 11111111 11111111 01111111
v=567382630219904        bytes=8 hex=80 80 80 80 80 80 80 00   bin=10000000 10000000 10000000 10000000 10000000 10000000 10000000 00000000
v=567382630219905        bytes=8 hex=81 80 80 80 80 80 80 00   bin=10000001 10000000 10000000 10000000 10000000 10000000 10000000 00000000
v=72624976668147838      bytes=8 hex=fe ff ff ff ff ff ff 7f   bin=11111110 11111111 11111111 11111111 11111111 11111111 11111111 01111111
v=72624976668147839      bytes=8 hex=ff ff ff ff ff ff ff 7f   bin=11111111 11111111 11111111 11111111 11111111 11111111 11111111 01111111
v=72624976668147840      bytes=9 hex=80 80 80 80 80 80 80 80 00 bin=10000000 10000000 10000000 10000000 10000000 10000000 10000000 10000000 00000000

    Random stress test (1000 integers)
Encoded 1000 values into 7989 bytes (avg 7.99 bytes/value)

    Mixed arrays incremental decoding
len=0   bytes=0    arr_head=[]
len=1   bytes=1    arr_head=[0]
len=5   bytes=5    arr_head=[0, 1, 2, 3, 4]
len=3   bytes=5    arr_head=[127, 128, 129]
len=4   bytes=7    arr_head=[1, 16383, 16384, 16385]
len=50  bytes=100  arr_head=[2645, 733, 3303, 9228, 9143]

    Error handling: truncated data
Truncated data correctly raised: Incomplete data: not enough bytes to finish last integer

    Error handling: over-request count
Over-request correctly raised: Too many integers requested: not enough data to decode all integers (1 left)

    Large value tests
v=4611686018427387903 bytes=9
v=4611686018427387904 bytes=9
v=4611686018427387905 bytes=9
v=4611686018427387905 bytes=9
