     0           0           0           4           4           4           2           2           1           1           1           1           1     
     4           1           4           4           4           4           2           2           1           2           2           1           2     
     8           1           4           4           4           4           2           2           2           3           3           2           3     
    12           2           4           4           4           4           2           2           4           4           4           3           4     
    16           2           4           4           4           4           4           4           4           5           5           4           6     
    20           3           4           4           4           4           4           4           4           6           5           5           6     
    24           3           4           4           4           4           4           4           8           7           6           5           7     
    28           4           4           8           4           4           6           6           8           8           7           6           7     
    32           4           4           8           8           8           6           6           8           9           8           7           8     
    36           5           8           8           8           8           6           6           8          10           8           8           9     
    40           5           8           8           8           8           8           8           8          11           9           8           9     
    44           6           8           8           8           8           8           8           8          12           9           9          10     
    48           6           8           8           8           8           8           8           8          13          10           9          10     
    52           7           8           8           8           8          12          10          12          14          10          10          11     
    56           7           8          12           8           8          12          10          12          15          11          10          11     
    60           8           8          12          12          12          12          10          12          16          12          11          12     
    64           8           8          12          12          12          12          12          12          17          13          12          14     
    68           9          12          16          12          12          12          12          12          18          13          13          15     
    72           9          12          16          12          12          12          12          12          19          14          13          15     
    76          10          12          16          12          12          12          14          12          20          14          14          16     
    80          10          12          16          12          12          16          14          16          21          15          14          16     
    84          11          12          16          12          12          16          14          16          22          15          15          17     
    88          11          12          16          16          16          16          16          16          23          16          15          17     
    92          12          12          16          16          16          16          16          16          24          16          16          18     
    96          12          12          16          16          16          16          16          16          25          17          16          18     
   100          13          16          20          16          16          16          18          20          26          17          17          19     
   104          13          16          20          16          16          16          18          20          27          18          17          19     
   108          14          16          20          16          16          20          18          20          28          18          18          20     
   112          14          16          20          16          16          20          20          20          29          19          18          20     
   116          15          16          20          20          20          20          20          20          30          19          19          21     
   120          15          16          20          20          20          20          20          20          31          20          19          21     
   124          16          16          20          20          20          20          22          20          32          21          20          22     
   128          16          16          20          20          20          20          22          20          33          22          21          23     
   132          17          20          24          20          20          24          22          24          34          22          22          23     
   136          17          20          24          20          20          24          24          24          35          23          22          24     
   140          18          20          24          20          20          24          24          24          36          23          23          24     
   144          18          20          24          24          24          24          24          24          37          24          23          25     
   148          19          20          24          24          24          24          26          24          38          24          24          25     
   152          19          20          24          24          24          24          26          24          39          25          24          26     
   156          20          20          24          24          24          24          26          24          40          25          25          26     
   160          20          20          24          24          24          24          28          24          41          26          25          27     
   164          21          24          28          24          24          28          28          28          42          26          26          27     
   168          21          24          28          24          24          28          28          28          43          27          26          28     
   172          22          24          28          28          28          28          30          28          44          27          27          28     
   176          22          24          28          28          28          28          30          28          45          28          27          29     
   180          23          24          28          28          28          28          30          28          46          28          28          29     
   184          23          24          28          28          28          28          32          28          47          29          28          30     
   188          24          24          28          28          28          28          32          28          48          29          29          30     
   192          24          24          28          28          28          28          32          28          49          30          29          31     
   196          25          28          32          28          28          36          34          32          50          30          30          31     
   200          25          28          32          32          32          36          34          32          51          31          30          32     
   204          26          28          32          32          32          36          34          32          52          31          31          32     
   208          26          28          32          32          32          36          36          32          53          32          31          33     
   212          27          28          32          32          32          36          36          32          54          32          32          33     
   216          27          28          32          32          32          36          36          32          55          33          32          34     
   220          28          28          32          32          32          36          38          32          56          33          33          34     
   224          28          28          32          32          32          36          38          32          57          34          33          35     
   228          29          32          36          36          36          36          38          36          58          34          34          35     
   232          29          32          36          36          36          36          40          36          59          35          34          36     
   236          30          32          36          36          36          36          40          36          60          35          35          36     
   240          30          32          36          36          36          36          40          36          61          36          35          37     
   244          31          32          36          36          36          36          42          36          62          36          36          37     
   248          31          32          36          36          36          36          42          36          63          37          36          38     
   252          32          32          36          36          36          36          42          36          64          38          37          38     
   256          32          32          36          40          40          36          44          36          65          39          38          39     
