     5           4           4           4           4           4     
    10           8           8           8           8           8     
    15          12          12          12          12          12     
    20          16          16          17          16          16     
    25          21          21          21          21          20     
    30          26          25          26          25          25     
    35          31          30          31          30          29     
    40          36          34          36          34          34     
    45          41          39          41          39          38     
    50          46          44          46          44          43     
    55          51          49          51          49          48     
    60          56          54          56          54          53     
    65          61          59          61          59          58     
    70          66          64          66          64          63     
    75          71          69          71          68          68     
