    12          11          10          11          10          11     
    12          11          11          12          10          11     
    11          11          11          11          10          10     
    13          12          11          11          10          10     
    13          12          11          11          11          11     
    12          12          11          10          11          11     
    13          12          11          11          10          10     
    14          12          11          11          11          11     
    12          11          10          10          10          10     
    13          12          11          12          11          11     
    13          12          11          11          10          11     
    13          12          11          11          10          10     
    15          12          11          11          11          11     
    13          12          11          11          10          10     
    13          12          11          11          11          10     
    14          12          11          11          10          11     
    13          12          10          10          10          10     
    14          12          11          11          11          11     
    14          12          11          12          11          11     
    13          11          10          10          10          11     
    15          13          11          11          11          11     
    14          12          11          12          11          11     
    13          12          11          12          12          11     
    14          12          11          11          11          11     
    14          12          11          11          12          12     
    14          12          11          10          11          11     
    14          12          11          11          11          11     
    14          12          11          12          11          12     
    14          12          11          12          11          11     
    15          12          11          10          10          11     
