    21          21          23          21          20          23     
    17          17          20          16          15          16     
    40          40          45          42          42          44     
    31          31          34          32          32          32     
    29          29          32          30          30          32     
    30          31          34          32          33          33     
    17          17          19          17          17          20     
    28          28          34          31          31          33     
    27          27          30          28          27          28     
    23          23          29          25          25          28     
    30          30          35          32          33          34     
    30          30          35          32          31          33     
    32          32          36          32          34          36     
    24          24          29          26          26          28     
    25          25          28          26          25          28     
    28          28          33          31          30          32     
    26          26          30          27          27          30     
    27          27          32          29          28          31     
    32          32          35          32          33          36     
    29          29          31          30          30          30     
