    44           6          10          11          10          10           9           9          11          11          10           9          10     
    49           7           9          13          12          12          11          11          10          13          11          10          10     
    49           7           9          14          12          12          11          11          10          13          10          10          10     
    49           7          10          11          11          11          10          10          10          13          11          10          11     
    49           7          10          13          12          12          11          11          10          13          10          10          11     
    50           7          10          12          11          11          11          10          11          13          11          10          11     
    51           7          10          12          11          11          12          10          11          13          11          10          11     
    54           7          10          12          11          11          11          10          11          14          11          11          12     
    54           7          11          13          12          12          12          11          11          14          11          11          11     
    54           7          11          14          12          12          11          11          10          14          11          11          12     
    54           7          11          14          12          12          10          10          11          14          11          11          12     
    55           7          11          13          12          12          11          10          11          14          11          11          12     
    56           7          11          13          12          12          12          11          12          14          12          11          12     
    56           7          11          13          12          12          11          10          11          14          12          11          12     
    53           7          12          14          12          12          11          11          11          14          11          10          12     
    56           7          12          14          12          12          12          11          11          14          12          11          12     
    57           8          11          13          12          12          12          11          11          14          12          11          12     
    58           8          11          13          12          12          12          11          13          15          12          11          13     
    58           8          11          14          12          12          12          12          12          15          12          12          12     
    57           8          12          12          12          12          11          11          11          14          12          11          13     
    57           8          12          14          12          12          12          11          11          14          12          11          12     
    58           8          12          14          12          12          12          11          11          15          12          11          13     
    58           8          12          15          12          12          12          11          11          15          12          11          13     
    58           8          12          15          12          12          12          11          11          15          12          11          13     
    58           8          12          15          12          12          12          11          11          15          12          11          13     
    58           8          12          14          12          12          12          11          11          15          12          11          13     
    58           8          12          14          12          12          12          11          11          15          12          11          13     
    59           8          12          13          12          12          12          11          11          15          12          12          13     
    60           8          12          15          13          13          12          11          11          15          12          12          13     
    60           8          12          14          12          12          11          11          10          15          12          12          13     
