    10          10           5           3           4           3     
    10          10           7           6           7           6     
    11          10           6           5           5           5     
    11          11           7           6           6           6     
    12          12           8           8           8           8     
    13          12           9           9           9           9     
    13          13          10          10          10          10     
    13          13          10          10          11          10     
    11          11           8           7           7           6     
    14          13          11          11          12          11     
    15          14          10          10           9           9     
    13          12           8           6           8           7     
    17          14          12          11          12          11     
    15          14          12          14          12          12     
    25          22          22          22          22          22     
    21          17          16          16          16          15     
    17          16          14          14          13          12     
    15          15          12          12          11          11     
    18          17          16          16          17          16     
    17          16          13          13          12          12     
