     1           1           1           1           1           1           1           1           1           1     
     1           1           1           1           1           1           1           1           1           1     
     1           1           1           1           1           1           1           1           1           1     
     1           1           1           1           1           1           1           1           1           1     
     1           1           1           1           1           1           2           2           1           2     
     1           1           1           1           1           1           2           2           2           2     
     1           1           1           1           1           2           2           2           2           2     
     2           1           1           2           2           2           2           2           2           2     
     2           2           2           2           2           2           3           2           2           2     
     2           2           2           2           2           2           3           2           2           3     
     2           2           2           2           2           2           3           3           2           3     
     2           2           2           2           2           2           3           3           3           3     
     2           2           2           2           2           2           4           3           3           3     
     2           2           2           3           3           3           4           3           3           3     
     3           2           2           3           3           3           4           3           3           3     
     3           3           3           3           3           3           4           3           3           3     
     3           3           3           3           3           3           5           4           3           4     
     4           3           3           3           3           3           5           4           4           4     
     4           3           3           3           3           3           5           4           4           4     
     4           3           3           3           4           3           5           4           4           4     
     4           3           3           4           4           4           6           4           4           4     
     4           3           3           4           4           4           6           4           4           5     
     4           4           4           4           4           4           6           4           4           5     
     4           4           4           4           4           4           6           4           4           5     
     4           4           4           4           4           4           7           5           4           5     
     5           4           4           4           5           5           7           5           5           5     
     5           4           4           4           5           5           7           5           5           5     
     5           4           4           5           5           5           7           5           5           5     
     5           4           4           5           5           5           8           5           5           5     
     5           5           5           5           5           5           8           5           5           6     
     5           5           5           5           5           5           8           5           5           6     
     5           5           5           5           6           5           8           6           5           6     
     5           5           5           5           6           5           9           6           6           6     
     6           5           5           6           6           6           9           6           6           6     
     6           5           5           6           6           6           9           6           6           6     
     6           5           5           6           6           6           9           6           6           6     
     6           6           6           6           6           6          10           6           6           7     
     6           6           6           6           7           6          10           6           6           7     
     6           6           6           6           7           6          10           7           6           7     
     6           6           6           6           7           6          10           7           7           7     
     6           6           6           6           7           6          11           7           7           7     
     7           6           6           7           7           7          11           7           7           7     
     7           6           6           7           7           7          11           7           7           7     
     7           7           7           7           8           7          11           7           7           7     
     7           7           7           7           8           7          12           7           7           8     
     7           7           7           7           8           7          12           7           7           8     
     7           7           7           7           8           7          12           8           7           8     
     7           7           7           7           8           7          12           8           8           8     
     7           7           7           7           8           7          13           8           8           8     
     8           7           7           9           9           8          13           8           8           8     
     8           8           8           9           9           8          13           8           8           8     
     8           8           8           9           9           8          13           8           8           8     
     8           8           8           9           9           8          14           8           8           9     
     8           8           8           9           9           8          14           8           8           9     
     8           8           8           9           9           8          14           9           8           9     
     8           8           8           9          10           8          14           9           9           9     
     8           8           8           9          10           8          15           9           9           9     
     9           9           9           9          10           9          15           9           9           9     
     9           9           9           9          10           9          15           9           9           9     
     9           9           9           9          10           9          15           9           9           9     
     9           9           9           9          10           9          16           9           9          10     
     9           9           9           9          11           9          16           9           9          10     
     9           9           9           9          11           9          16          10           9          10     
     9           9           9           9          11           9          16          10          10          10     
     9          10          10           9          11           9          17          10          10          10     
