     2           2           2           1           1           1           1           1           1           1     
     3           3           3           3           3           3           4           3           3           4     
     4           4           4           3           3           2           3           3           3           3     
     8           8           8           7           7           6           9           6           6           7     
     8           7           7           6           6           6           7           6           5           6     
    13          12          12          11          11          11          14          11          11          11     
    12          12          12           9           9           8          10           9           8           8     
    19          18          18          17          16          17          22          16          16          17     
    18          16          16          13          13          14          17          14          13          14     
    18          15          15          14          14          15          18          15          14          15     
    18          17          17          12          13          13          15          14          12          14     
    26          22          22          20          20          21          25          19          18          20     
    28          24          24          21          21          21          27          22          21          23     
    34          32          32          29          29          28          39          28          27          30     
    28          26          26          23          23          22          28          23          21          23     
    35          33          33          29          28          28          37          28          27          30     
    34          30          30          26          26          26          33          27          25          28     
    39          33          33          29          30          29          39          30          29          32     
    44          41          41          37          37          36          47          35          33          36     
    44          39          39          37          38          35          49          37          35          40     
