
    Unsigned integers
Number     Hex                  Bin                             Decoded Value       
0          80                   10000000                        0                   
10         8a                   10001010                        10                  
20         94                   10010100                        20                  
30         9e                   10011110                        30                  
40         a8                   10101000                        40                  
50         b2                   10110010                        50                  
60         bc                   10111100                        60                  
70         c0 06                11000000 00000110               70                  
80         c0 10                11000000 00010000               80                  
90         c0 1a                11000000 00011010               90                  
100        c0 24                11000000 00100100               100                 
110        c0 2e                11000000 00101110               110                 
120        c0 38                11000000 00111000               120                 
130        c0 42                11000000 01000010               130                 
140        c0 4c                11000000 01001100               140                 
150        c0 56                11000000 01010110               150                 
160        c0 60                11000000 01100000               160                 
170        c0 6a                11000000 01101010               170                 
180        c0 74                11000000 01110100               180                 
190        c0 7e                11000000 01111110               190                 
200        c0 88                11000000 10001000               200                 
210        c0 92                11000000 10010010               210                 
220        c0 9c                11000000 10011100               220                 
230        c0 a6                11000000 10100110               230                 
240        c0 b0                11000000 10110000               240                 
250        c0 ba                11000000 10111010               250                 
260        c0 c4                11000000 11000100               260                 
270        c0 ce                11000000 11001110               270                 
280        c0 d8                11000000 11011000               280                 
290        c0 e2                11000000 11100010               290                 
300        c0 ec                11000000 11101100               300                 
310        c0 f6                11000000 11110110               310                 
320        c1 00                11000001 00000000               320                 
330        c1 0a                11000001 00001010               330                 
340        c1 14                11000001 00010100               340                 
350        c1 1e                11000001 00011110               350                 
360        c1 28                11000001 00101000               360                 
370        c1 32                11000001 00110010               370                 
380        c1 3c                11000001 00111100               380                 
390        c1 46                11000001 01000110               390                 
400        c1 50                11000001 01010000               400                 
410        c1 5a                11000001 01011010               410                 
420        c1 64                11000001 01100100               420                 
430        c1 6e                11000001 01101110               430                 
440        c1 78                11000001 01111000               440                 
450        c1 82                11000001 10000010               450                 
460        c1 8c                11000001 10001100               460                 
470        c1 96                11000001 10010110               470                 
480        c1 a0                11000001 10100000               480                 
490        c1 aa                11000001 10101010               490                 
500        c1 b4                11000001 10110100               500                 
510        c1 be                11000001 10111110               510                 
520        c1 c8                11000001 11001000               520                 
530        c1 d2                11000001 11010010               530                 
540        c1 dc                11000001 11011100               540                 
550        c1 e6                11000001 11100110               550                 
560        c1 f0                11000001 11110000               560                 
570        c1 fa                11000001 11111010               570                 
580        c2 04                11000010 00000100               580                 
590        c2 0e                11000010 00001110               590                 
600        c2 18                11000010 00011000               600                 
610        c2 22                11000010 00100010               610                 
620        c2 2c                11000010 00101100               620                 
630        c2 36                11000010 00110110               630                 
640        c2 40                11000010 01000000               640                 
650        c2 4a                11000010 01001010               650                 
660        c2 54                11000010 01010100               660                 
670        c2 5e                11000010 01011110               670                 
680        c2 68                11000010 01101000               680                 
690        c2 72                11000010 01110010               690                 
700        c2 7c                11000010 01111100               700                 
710        c2 86                11000010 10000110               710                 
720        c2 90                11000010 10010000               720                 
730        c2 9a                11000010 10011010               730                 
740        c2 a4                11000010 10100100               740                 
750        c2 ae                11000010 10101110               750                 
760        c2 b8                11000010 10111000               760                 
770        c2 c2                11000010 11000010               770                 
780        c2 cc                11000010 11001100               780                 
790        c2 d6                11000010 11010110               790                 
800        c2 e0                11000010 11100000               800                 
810        c2 ea                11000010 11101010               810                 
820        c2 f4                11000010 11110100               820                 
830        c2 fe                11000010 11111110               830                 
840        c3 08                11000011 00001000               840                 
850        c3 12                11000011 00010010               850                 
860        c3 1c                11000011 00011100               860                 
870        c3 26                11000011 00100110               870                 
880        c3 30                11000011 00110000               880                 
890        c3 3a                11000011 00111010               890                 
900        c3 44                11000011 01000100               900                 
910        c3 4e                11000011 01001110               910                 
920        c3 58                11000011 01011000               920                 
930        c3 62                11000011 01100010               930                 
940        c3 6c                11000011 01101100               940                 
950        c3 76                11000011 01110110               950                 
960        c3 80                11000011 10000000               960                 
970        c3 8a                11000011 10001010               970                 
980        c3 94                11000011 10010100               980                 
990        c3 9e                11000011 10011110               990                 
1000       c3 a8                11000011 10101000               1000                
1010       c3 b2                11000011 10110010               1010                
1020       c3 bc                11000011 10111100               1020                
1030       c3 c6                11000011 11000110               1030                
1040       c3 d0                11000011 11010000               1040                
1050       c3 da                11000011 11011010               1050                
1060       c3 e4                11000011 11100100               1060                
1070       c3 ee                11000011 11101110               1070                
1080       c3 f8                11000011 11111000               1080                
1090       c4 02                11000100 00000010               1090                
1100       c4 0c                11000100 00001100               1100                
1110       c4 16                11000100 00010110               1110                
1120       c4 20                11000100 00100000               1120                
1130       c4 2a                11000100 00101010               1130                
1140       c4 34                11000100 00110100               1140                
1150       c4 3e                11000100 00111110               1150                
1160       c4 48                11000100 01001000               1160                
1170       c4 52                11000100 01010010               1170                
1180       c4 5c                11000100 01011100               1180                
1190       c4 66                11000100 01100110               1190                
1200       c4 70                11000100 01110000               1200                
1210       c4 7a                11000100 01111010               1210                
1220       c4 84                11000100 10000100               1220                
1230       c4 8e                11000100 10001110               1230                
1240       c4 98                11000100 10011000               1240                
1250       c4 a2                11000100 10100010               1250                
1260       c4 ac                11000100 10101100               1260                
1270       c4 b6                11000100 10110110               1270                
1280       c4 c0                11000100 11000000               1280                
1290       c4 ca                11000100 11001010               1290                
1300       c4 d4                11000100 11010100               1300                
1310       c4 de                11000100 11011110               1310                
1320       c4 e8                11000100 11101000               1320                
1330       c4 f2                11000100 11110010               1330                
1340       c4 fc                11000100 11111100               1340                
1350       c5 06                11000101 00000110               1350                
1360       c5 10                11000101 00010000               1360                
1370       c5 1a                11000101 00011010               1370                
1380       c5 24                11000101 00100100               1380                
1390       c5 2e                11000101 00101110               1390                
1400       c5 38                11000101 00111000               1400                
1410       c5 42                11000101 01000010               1410                
1420       c5 4c                11000101 01001100               1420                
1430       c5 56                11000101 01010110               1430                
1440       c5 60                11000101 01100000               1440                
1450       c5 6a                11000101 01101010               1450                
1460       c5 74                11000101 01110100               1460                
1470       c5 7e                11000101 01111110               1470                
1480       c5 88                11000101 10001000               1480                
1490       c5 92                11000101 10010010               1490                
1500       c5 9c                11000101 10011100               1500                
1510       c5 a6                11000101 10100110               1510                
1520       c5 b0                11000101 10110000               1520                
1530       c5 ba                11000101 10111010               1530                
1540       c5 c4                11000101 11000100               1540                
1550       c5 ce                11000101 11001110               1550                
1560       c5 d8                11000101 11011000               1560                
1570       c5 e2                11000101 11100010               1570                
1580       c5 ec                11000101 11101100               1580                
1590       c5 f6                11000101 11110110               1590                
1600       c6 00                11000110 00000000               1600                
1610       c6 0a                11000110 00001010               1610                
1620       c6 14                11000110 00010100               1620                
1630       c6 1e                11000110 00011110               1630                
1640       c6 28                11000110 00101000               1640                
1650       c6 32                11000110 00110010               1650                
1660       c6 3c                11000110 00111100               1660                
1670       c6 46                11000110 01000110               1670                
1680       c6 50                11000110 01010000               1680                
1690       c6 5a                11000110 01011010               1690                
1700       c6 64                11000110 01100100               1700                
1710       c6 6e                11000110 01101110               1710                
1720       c6 78                11000110 01111000               1720                
1730       c6 82                11000110 10000010               1730                
1740       c6 8c                11000110 10001100               1740                
1750       c6 96                11000110 10010110               1750                
1760       c6 a0                11000110 10100000               1760                
1770       c6 aa                11000110 10101010               1770                
1780       c6 b4                11000110 10110100               1780                
1790       c6 be                11000110 10111110               1790                
1800       c6 c8                11000110 11001000               1800                
1810       c6 d2                11000110 11010010               1810                
1820       c6 dc                11000110 11011100               1820                
1830       c6 e6                11000110 11100110               1830                
1840       c6 f0                11000110 11110000               1840                
1850       c6 fa                11000110 11111010               1850                
1860       c7 04                11000111 00000100               1860                
1870       c7 0e                11000111 00001110               1870                
1880       c7 18                11000111 00011000               1880                
1890       c7 22                11000111 00100010               1890                
1900       c7 2c                11000111 00101100               1900                
1910       c7 36                11000111 00110110               1910                
1920       c7 40                11000111 01000000               1920                
1930       c7 4a                11000111 01001010               1930                
1940       c7 54                11000111 01010100               1940                
1950       c7 5e                11000111 01011110               1950                
1960       c7 68                11000111 01101000               1960                
1970       c7 72                11000111 01110010               1970                
1980       c7 7c                11000111 01111100               1980                
1990       c7 86                11000111 10000110               1990                
2000       c7 90                11000111 10010000               2000                
2080       c7 e0                11000111 11100000               2080                
2210       c8 62                11001000 01100010               2210                
2530       c9 a2                11001001 10100010               2530                
3280       cc 90                11001100 10010000               3280                
4980       d3 34                11010011 00110100               4980                
8820       e2 02 34             11100010 00000010 00110100      8820                
17360      e2 23 90             11100010 00100011 10010000      17360               
36130      e2 6c e2             11100010 01101100 11100010      36130               
77090      e3 01 0c e2          11100011 00000001 00001100 11100010  77090               
165840     e3 02 67 90          11100011 00000010 01100111 10010000  165840              
356980     e3 05 52 34          11100011 00000101 01010010 00110100  356980              
766580     e3 0b 92 34          11100011 00001011 10010010 00110100  766580              
1640400    e3 18 e7 90          11100011 00011000 11100111 10010000  1640400             
3497250    e3 35 3c e2          11100011 00110101 00111100 11100010  3497250             
7429410    e3 71 3c e2          11100011 01110001 00111100 11100010  7429410             
15730640   e3 ef e7 90          11100011 11101111 11100111 10010000  15730640            
33206900   e4 01 fa 92 34       11100100 00000001 11111010 10010010 00110100  33206900            
69907060   e4 04 2a 92 34       11100100 00000100 00101010 10010010 00110100  69907060            
146802640  e4 08 bf e7 90       11100100 00001000 10111111 11100111 10010000  146802640           
307584290  e4 12 55 3c e2       11100100 00010010 01010101 00111100 11100010  307584290           
643128610  e4 26 55 3c e2       11100100 00100110 01010101 00111100 11100010  643128610           
1342179280 e4 4f ff e7 90       11100100 01001111 11111111 11100111 10010000  1342179280          
2796204660 e4 a6 aa 92 34       11100100 10100110 10101010 10010010 00110100  2796204660          
5816103540 e5 01 5a aa 92 34    11100101 00000001 01011010 10101010 10010010 00110100  5816103540          
12079597520 e5 02 cf ff e7 90    11100101 00000010 11001111 11111111 11100111 10010000  12079597520         
25053977890 e5 05 d5 55 3c e2    11100101 00000101 11010101 01010101 00111100 11100010  25053977890         
51897523490 e5 0c 15 55 3c e2    11100101 00001100 00010101 01010101 00111100 11100010  51897523490         

    Signed integers
Number     Hex                  Bin                  Decoded Value       
-1000      3c 58                00111100 01011000    -1000               
-990       3c 62                00111100 01100010    -990                
-980       3c 6c                00111100 01101100    -980                
-970       3c 76                00111100 01110110    -970                
-960       3c 80                00111100 10000000    -960                
-950       3c 8a                00111100 10001010    -950                
-940       3c 94                00111100 10010100    -940                
-930       3c 9e                00111100 10011110    -930                
-920       3c a8                00111100 10101000    -920                
-910       3c b2                00111100 10110010    -910                
-900       3c bc                00111100 10111100    -900                
-890       3c c6                00111100 11000110    -890                
-880       3c d0                00111100 11010000    -880                
-870       3c da                00111100 11011010    -870                
-860       3c e4                00111100 11100100    -860                
-850       3c ee                00111100 11101110    -850                
-840       3c f8                00111100 11111000    -840                
-830       3d 02                00111101 00000010    -830                
-820       3d 0c                00111101 00001100    -820                
-810       3d 16                00111101 00010110    -810                
-800       3d 20                00111101 00100000    -800                
-790       3d 2a                00111101 00101010    -790                
-780       3d 34                00111101 00110100    -780                
-770       3d 3e                00111101 00111110    -770                
-760       3d 48                00111101 01001000    -760                
-750       3d 52                00111101 01010010    -750                
-740       3d 5c                00111101 01011100    -740                
-730       3d 66                00111101 01100110    -730                
-720       3d 70                00111101 01110000    -720                
-710       3d 7a                00111101 01111010    -710                
-700       3d 84                00111101 10000100    -700                
-690       3d 8e                00111101 10001110    -690                
-680       3d 98                00111101 10011000    -680                
-670       3d a2                00111101 10100010    -670                
-660       3d ac                00111101 10101100    -660                
-650       3d b6                00111101 10110110    -650                
-640       3d c0                00111101 11000000    -640                
-630       3d ca                00111101 11001010    -630                
-620       3d d4                00111101 11010100    -620                
-610       3d de                00111101 11011110    -610                
-600       3d e8                00111101 11101000    -600                
-590       3d f2                00111101 11110010    -590                
-580       3d fc                00111101 11111100    -580                
-570       3e 06                00111110 00000110    -570                
-560       3e 10                00111110 00010000    -560                
-550       3e 1a                00111110 00011010    -550                
-540       3e 24                00111110 00100100    -540                
-530       3e 2e                00111110 00101110    -530                
-520       3e 38                00111110 00111000    -520                
-510       3e 42                00111110 01000010    -510                
-500       3e 4c                00111110 01001100    -500                
-490       3e 56                00111110 01010110    -490                
-480       3e 60                00111110 01100000    -480                
-470       3e 6a                00111110 01101010    -470                
-460       3e 74                00111110 01110100    -460                
-450       3e 7e                00111110 01111110    -450                
-440       3e 88                00111110 10001000    -440                
-430       3e 92                00111110 10010010    -430                
-420       3e 9c                00111110 10011100    -420                
-410       3e a6                00111110 10100110    -410                
-400       3e b0                00111110 10110000    -400                
-390       3e ba                00111110 10111010    -390                
-380       3e c4                00111110 11000100    -380                
-370       3e ce                00111110 11001110    -370                
-360       3e d8                00111110 11011000    -360                
-350       3e e2                00111110 11100010    -350                
-340       3e ec                00111110 11101100    -340                
-330       3e f6                00111110 11110110    -330                
-320       3f 00                00111111 00000000    -320                
-310       3f 0a                00111111 00001010    -310                
-300       3f 14                00111111 00010100    -300                
-290       3f 1e                00111111 00011110    -290                
-280       3f 28                00111111 00101000    -280                
-270       3f 32                00111111 00110010    -270                
-260       3f 3c                00111111 00111100    -260                
-250       3f 46                00111111 01000110    -250                
-240       3f 50                00111111 01010000    -240                
-230       3f 5a                00111111 01011010    -230                
-220       3f 64                00111111 01100100    -220                
-210       3f 6e                00111111 01101110    -210                
-200       3f 78                00111111 01111000    -200                
-190       3f 82                00111111 10000010    -190                
-180       3f 8c                00111111 10001100    -180                
-170       3f 96                00111111 10010110    -170                
-160       3f a0                00111111 10100000    -160                
-150       3f aa                00111111 10101010    -150                
-140       3f b4                00111111 10110100    -140                
-130       3f be                00111111 10111110    -130                
-120       3f c8                00111111 11001000    -120                
-110       3f d2                00111111 11010010    -110                
-100       3f dc                00111111 11011100    -100                
-90        3f e6                00111111 11100110    -90                 
-80        3f f0                00111111 11110000    -80                 
-70        3f fa                00111111 11111010    -70                 
-60        44                   01000100             -60                 
-50        4e                   01001110             -50                 
-40        58                   01011000             -40                 
-30        62                   01100010             -30                 
-20        6c                   01101100             -20                 
-10        76                   01110110             -10                 
0          80                   10000000             0                   
10         8a                   10001010             10                  
20         94                   10010100             20                  
30         9e                   10011110             30                  
40         a8                   10101000             40                  
50         b2                   10110010             50                  
60         bc                   10111100             60                  
70         c0 06                11000000 00000110    70                  
80         c0 10                11000000 00010000    80                  
90         c0 1a                11000000 00011010    90                  
100        c0 24                11000000 00100100    100                 
110        c0 2e                11000000 00101110    110                 
120        c0 38                11000000 00111000    120                 
130        c0 42                11000000 01000010    130                 
140        c0 4c                11000000 01001100    140                 
150        c0 56                11000000 01010110    150                 
160        c0 60                11000000 01100000    160                 
170        c0 6a                11000000 01101010    170                 
180        c0 74                11000000 01110100    180                 
190        c0 7e                11000000 01111110    190                 
200        c0 88                11000000 10001000    200                 
210        c0 92                11000000 10010010    210                 
220        c0 9c                11000000 10011100    220                 
230        c0 a6                11000000 10100110    230                 
240        c0 b0                11000000 10110000    240                 
250        c0 ba                11000000 10111010    250                 
260        c0 c4                11000000 11000100    260                 
270        c0 ce                11000000 11001110    270                 
280        c0 d8                11000000 11011000    280                 
290        c0 e2                11000000 11100010    290                 
300        c0 ec                11000000 11101100    300                 
310        c0 f6                11000000 11110110    310                 
320        c1 00                11000001 00000000    320                 
330        c1 0a                11000001 00001010    330                 
340        c1 14                11000001 00010100    340                 
350        c1 1e                11000001 00011110    350                 
360        c1 28                11000001 00101000    360                 
370        c1 32                11000001 00110010    370                 
380        c1 3c                11000001 00111100    380                 
390        c1 46                11000001 01000110    390                 
400        c1 50                11000001 01010000    400                 
410        c1 5a                11000001 01011010    410                 
420        c1 64                11000001 01100100    420                 
430        c1 6e                11000001 01101110    430                 
440        c1 78                11000001 01111000    440                 
450        c1 82                11000001 10000010    450                 
460        c1 8c                11000001 10001100    460                 
470        c1 96                11000001 10010110    470                 
480        c1 a0                11000001 10100000    480                 
490        c1 aa                11000001 10101010    490                 
500        c1 b4                11000001 10110100    500                 
510        c1 be                11000001 10111110    510                 
520        c1 c8                11000001 11001000    520                 
530        c1 d2                11000001 11010010    530                 
540        c1 dc                11000001 11011100    540                 
550        c1 e6                11000001 11100110    550                 
560        c1 f0                11000001 11110000    560                 
570        c1 fa                11000001 11111010    570                 
580        c2 04                11000010 00000100    580                 
590        c2 0e                11000010 00001110    590                 
600        c2 18                11000010 00011000    600                 
610        c2 22                11000010 00100010    610                 
620        c2 2c                11000010 00101100    620                 
630        c2 36                11000010 00110110    630                 
640        c2 40                11000010 01000000    640                 
650        c2 4a                11000010 01001010    650                 
660        c2 54                11000010 01010100    660                 
670        c2 5e                11000010 01011110    670                 
680        c2 68                11000010 01101000    680                 
690        c2 72                11000010 01110010    690                 
700        c2 7c                11000010 01111100    700                 
710        c2 86                11000010 10000110    710                 
720        c2 90                11000010 10010000    720                 
730        c2 9a                11000010 10011010    730                 
740        c2 a4                11000010 10100100    740                 
750        c2 ae                11000010 10101110    750                 
760        c2 b8                11000010 10111000    760                 
770        c2 c2                11000010 11000010    770                 
780        c2 cc                11000010 11001100    780                 
790        c2 d6                11000010 11010110    790                 
800        c2 e0                11000010 11100000    800                 
810        c2 ea                11000010 11101010    810                 
820        c2 f4                11000010 11110100    820                 
830        c2 fe                11000010 11111110    830                 
840        c3 08                11000011 00001000    840                 
850        c3 12                11000011 00010010    850                 
860        c3 1c                11000011 00011100    860                 
870        c3 26                11000011 00100110    870                 
880        c3 30                11000011 00110000    880                 
890        c3 3a                11000011 00111010    890                 
900        c3 44                11000011 01000100    900                 
910        c3 4e                11000011 01001110    910                 
920        c3 58                11000011 01011000    920                 
930        c3 62                11000011 01100010    930                 
940        c3 6c                11000011 01101100    940                 
950        c3 76                11000011 01110110    950                 
960        c3 80                11000011 10000000    960                 
970        c3 8a                11000011 10001010    970                 
980        c3 94                11000011 10010100    980                 
990        c3 9e                11000011 10011110    990                 
1000       c3 a8                11000011 10101000    1000                

    Unsigned integers (exponent)
Number     Hex                                      Bin                                                               Decoded
1          81                                       10000001                                                          1
2          82                                       10000010                                                          2
4          84                                       10000100                                                          4
8          88                                       10001000                                                          8
16         90                                       10010000                                                          16
32         a0                                       10100000                                                          32
64         c0 00                                    11000000 00000000                                                 64
128        c0 40                                    11000000 01000000                                                 128
256        c0 c0                                    11000000 11000000                                                 256
512        c1 c0                                    11000001 11000000                                                 512
1024       c3 c0                                    11000011 11000000                                                 1024
2048       c7 c0                                    11000111 11000000                                                 2048
4096       cf c0                                    11001111 11000000                                                 4096
8192       df c0                                    11011111 11000000                                                 8192
16384      e2 1f c0                                 11100010 00011111 11000000                                        16384
32768      e2 5f c0                                 11100010 01011111 11000000                                        32768
65536      e2 df c0                                 11100010 11011111 11000000                                        65536
131072     e3 01 df c0                              11100011 00000001 11011111 11000000                               131072
262144     e3 03 df c0                              11100011 00000011 11011111 11000000                               262144
524288     e3 07 df c0                              11100011 00000111 11011111 11000000                               524288
1048576    e3 0f df c0                              11100011 00001111 11011111 11000000                               1048576
2097152    e3 1f df c0                              11100011 00011111 11011111 11000000                               2097152
4194304    e3 3f df c0                              11100011 00111111 11011111 11000000                               4194304
8388608    e3 7f df c0                              11100011 01111111 11011111 11000000                               8388608
16777216   e3 ff df c0                              11100011 11111111 11011111 11000000                               16777216
33554432   e4 01 ff df c0                           11100100 00000001 11111111 11011111 11000000                      33554432
67108864   e4 03 ff df c0                           11100100 00000011 11111111 11011111 11000000                      67108864
134217728  e4 07 ff df c0                           11100100 00000111 11111111 11011111 11000000                      134217728
268435456  e4 0f ff df c0                           11100100 00001111 11111111 11011111 11000000                      268435456
536870912  e4 1f ff df c0                           11100100 00011111 11111111 11011111 11000000                      536870912
1073741824 e4 3f ff df c0                           11100100 00111111 11111111 11011111 11000000                      1073741824
2147483648 e4 7f ff df c0                           11100100 01111111 11111111 11011111 11000000                      2147483648
4294967296 e4 ff ff df c0                           11100100 11111111 11111111 11011111 11000000                      4294967296
8589934592 e5 01 ff ff df c0                        11100101 00000001 11111111 11111111 11011111 11000000             8589934592
17179869184 e5 03 ff ff df c0                        11100101 00000011 11111111 11111111 11011111 11000000             17179869184
34359738368 e5 07 ff ff df c0                        11100101 00000111 11111111 11111111 11011111 11000000             34359738368
68719476736 e5 0f ff ff df c0                        11100101 00001111 11111111 11111111 11011111 11000000             68719476736
137438953472 e5 1f ff ff df c0                        11100101 00011111 11111111 11111111 11011111 11000000             137438953472
274877906944 e5 3f ff ff df c0                        11100101 00111111 11111111 11111111 11011111 11000000             274877906944
549755813888 e5 7f ff ff df c0                        11100101 01111111 11111111 11111111 11011111 11000000             549755813888
1099511627776 e5 ff ff ff df c0                        11100101 11111111 11111111 11111111 11011111 11000000             1099511627776
2199023255552 e6 01 ff ff ff df c0                     11100110 00000001 11111111 11111111 11111111 11011111 11000000    2199023255552
4398046511104 e6 03 ff ff ff df c0                     11100110 00000011 11111111 11111111 11111111 11011111 11000000    4398046511104
8796093022208 e6 07 ff ff ff df c0                     11100110 00000111 11111111 11111111 11111111 11011111 11000000    8796093022208
17592186044416 e6 0f ff ff ff df c0                     11100110 00001111 11111111 11111111 11111111 11011111 11000000    17592186044416
35184372088832 e6 1f ff ff ff df c0                     11100110 00011111 11111111 11111111 11111111 11011111 11000000    35184372088832
70368744177664 e6 3f ff ff ff df c0                     11100110 00111111 11111111 11111111 11111111 11011111 11000000    70368744177664
140737488355328 e6 7f ff ff ff df c0                     11100110 01111111 11111111 11111111 11111111 11011111 11000000    140737488355328
281474976710656 e6 ff ff ff ff df c0                     11100110 11111111 11111111 11111111 11111111 11011111 11000000    281474976710656
562949953421312 e7 01 ff ff ff ff df c0                  11100111 00000001 11111111 11111111 11111111 11111111 11011111 11000000  562949953421312
1125899906842624 e7 03 ff ff ff ff df c0                  11100111 00000011 11111111 11111111 11111111 11111111 11011111 11000000  1125899906842624
2251799813685248 e7 07 ff ff ff ff df c0                  11100111 00000111 11111111 11111111 11111111 11111111 11011111 11000000  2251799813685248
4503599627370496 e7 0f ff ff ff ff df c0                  11100111 00001111 11111111 11111111 11111111 11111111 11011111 11000000  4503599627370496
9007199254740992 e7 1f ff ff ff ff df c0                  11100111 00011111 11111111 11111111 11111111 11111111 11011111 11000000  9007199254740992
18014398509481984 e7 3f ff ff ff ff df c0                  11100111 00111111 11111111 11111111 11111111 11111111 11011111 11000000  18014398509481984
36028797018963968 e7 7f ff ff ff ff df c0                  11100111 01111111 11111111 11111111 11111111 11111111 11011111 11000000  36028797018963968
72057594037927936 e7 ff ff ff ff ff df c0                  11100111 11111111 11111111 11111111 11111111 11111111 11011111 11000000  72057594037927936
144115188075855872 e8 01 ff ff ff ff ff df c0               11101000 00000001 11111111 11111111 11111111 11111111 11111111 11011111 11000000  144115188075855872
288230376151711744 e8 03 ff ff ff ff ff df c0               11101000 00000011 11111111 11111111 11111111 11111111 11111111 11011111 11000000  288230376151711744
576460752303423488 e8 07 ff ff ff ff ff df c0               11101000 00000111 11111111 11111111 11111111 11111111 11111111 11011111 11000000  576460752303423488
1152921504606846976 e8 0f ff ff ff ff ff df c0               11101000 00001111 11111111 11111111 11111111 11111111 11111111 11011111 11000000  1152921504606846976
2305843009213693952 e8 1f ff ff ff ff ff df c0               11101000 00011111 11111111 11111111 11111111 11111111 11111111 11011111 11000000  2305843009213693952
4611686018427387904 e8 3f ff ff ff ff ff df c0               11101000 00111111 11111111 11111111 11111111 11111111 11111111 11011111 11000000  4611686018427387904
9223372036854775808 e8 7f ff ff ff ff ff df c0               11101000 01111111 11111111 11111111 11111111 11111111 11111111 11011111 11000000  9223372036854775808
18446744073709551615 e8 ff ff ff ff ff ff df bf               11101000 11111111 11111111 11111111 11111111 11111111 11111111 11011111 10111111  18446744073709551615

    Pairs of integers
Array           Decoded         Len      Hex        Bin             
[0, 0]          [0, 0]          2        80 80      10000000 10000000
[55, 10]        [55, 10]        2        b7 8a      10110111 10001010
[210, 20]       [210, 20]       3        c0 92 94   11000000 10010010 10010100
[465, 30]       [465, 30]       3        c1 91 9e   11000001 10010001 10011110
[820, 40]       [820, 40]       3        c2 f4 a8   11000010 11110100 10101000
[1275, 50]      [1275, 50]      3        c4 bb b2   11000100 10111011 10110010
[1830, 60]      [1830, 60]      3        c6 e6 bc   11000110 11100110 10111100
[2485, 70]      [2485, 70]      4        c9 75 c0 06 11001001 01110101 11000000 00000110
[3240, 80]      [3240, 80]      4        cc 68 c0 10 11001100 01101000 11000000 00010000
[4095, 90]      [4095, 90]      4        cf bf c0 1a 11001111 10111111 11000000 00011010
[5050, 100]     [5050, 100]     4        d3 7a c0 24 11010011 01111010 11000000 00100100

    Array of small integers

Array:    [0]       	(1 elements)
Decoded:  [0]
Hex dump: 80	(1 bytes)
Bin dump: 10000000

Array:    [0, 50]   	(2 elements)
Decoded:  [0, 50]
Hex dump: 80 b2	(2 bytes)
Bin dump: 10000000 10110010

Array:    [0, 50, 100]	(3 elements)
Decoded:  [0, 50, 100]
Hex dump: 80 b2 c0 24	(4 bytes)
Bin dump: 10000000 10110010 11000000 00100100

Array:    [0, 50, 100, 150]	(4 elements)
Decoded:  [0, 50, 100, 150]
Hex dump: 80 b2 c0 24 c0 56	(6 bytes)
Bin dump: 10000000 10110010 11000000 00100100 11000000 01010110

Array:    [0, 50, 100, 150, 200]	(5 elements)
Decoded:  [0, 50, 100, 150, 200]
Hex dump: 80 b2 c0 24 c0 56 c0 88	(8 bytes)
Bin dump: 10000000 10110010 11000000 00100100 11000000 01010110 11000000 10001000

Array:    [0, 50, 100, 150, 200, 250]	(6 elements)
Decoded:  [0, 50, 100, 150, 200, 250]
Hex dump: 80 b2 c0 24 c0 56 c0 88 c0 ba	(10 bytes)
Bin dump: 10000000 10110010 11000000 00100100 11000000 01010110 11000000 10001000 11000000 10111010

Array:    [0, 50, 100, 150, 200, 250, 300]	(7 elements)
Decoded:  [0, 50, 100, 150, 200, 250, 300]
Hex dump: 80 b2 c0 24 c0 56 c0 88 c0 ba c0 ec	(12 bytes)
Bin dump: 10000000 10110010 11000000 00100100 11000000 01010110 11000000 10001000 11000000 10111010 11000000 11101100

Array:    [0, 50, 100, 150, 200, 250, 300, 350]	(8 elements)
Decoded:  [0, 50, 100, 150, 200, 250, 300, 350]
Hex dump: 80 b2 c0 24 c0 56 c0 88 c0 ba c0 ec c1 1e	(14 bytes)
Bin dump: 10000000 10110010 11000000 00100100 11000000 01010110 11000000 10001000 11000000 10111010 11000000 11101100 11000001 00011110

Array:    [0, 50, 100, 150, 200, 250, 300, 350, 400]	(9 elements)
Decoded:  [0, 50, 100, 150, 200, 250, 300, 350, 400]
Hex dump: 80 b2 c0 24 c0 56 c0 88 c0 ba c0 ec c1 1e c1 50	(16 bytes)
Bin dump: 10000000 10110010 11000000 00100100 11000000 01010110 11000000 10001000 11000000 10111010 11000000 11101100 11000001 00011110 11000001 01010000

Array:    [0, 50, 100, 150, 200, 250, 300, 350, 400, 450]	(10 elements)
Decoded:  [0, 50, 100, 150, 200, 250, 300, 350, 400, 450]
Hex dump: 80 b2 c0 24 c0 56 c0 88 c0 ba c0 ec c1 1e c1 50 c1 82	(18 bytes)
Bin dump: 10000000 10110010 11000000 00100100 11000000 01010110 11000000 10001000 11000000 10111010 11000000 11101100 11000001 00011110 11000001 01010000 11000001 10000010

    Array of bigger integers

Array:    [0, 50]   	(2 elements)
Decoded:  [0, 50]
Hex dump: 80 b2	(2 bytes)
Bin dump: 10000000 10110010

Array:    [0, 50, 200]	(3 elements)
Decoded:  [0, 50, 200]
Hex dump: 80 b2 c0 88	(4 bytes)
Bin dump: 10000000 10110010 11000000 10001000

Array:    [0, 50, 200, 450]	(4 elements)
Decoded:  [0, 50, 200, 450]
Hex dump: 80 b2 c0 88 c1 82	(6 bytes)
Bin dump: 10000000 10110010 11000000 10001000 11000001 10000010

Array:    [0, 50, 200, 450, 800]	(5 elements)
Decoded:  [0, 50, 200, 450, 800]
Hex dump: 80 b2 c0 88 c1 82 c2 e0	(8 bytes)
Bin dump: 10000000 10110010 11000000 10001000 11000001 10000010 11000010 11100000

Array:    [0, 50, 200, 450, 800, 1250]	(6 elements)
Decoded:  [0, 50, 200, 450, 800, 1250]
Hex dump: 80 b2 c0 88 c1 82 c2 e0 c4 a2	(10 bytes)
Bin dump: 10000000 10110010 11000000 10001000 11000001 10000010 11000010 11100000 11000100 10100010

Array:    [0, 50, 200, 450, 800, 1250, 1800]	(7 elements)
Decoded:  [0, 50, 200, 450, 800, 1250, 1800]
Hex dump: 80 b2 c0 88 c1 82 c2 e0 c4 a2 c6 c8	(12 bytes)
Bin dump: 10000000 10110010 11000000 10001000 11000001 10000010 11000010 11100000 11000100 10100010 11000110 11001000

Array:    [0, 50, 200, 450, 800, 1250, 1800, 2450]	(8 elements)
Decoded:  [0, 50, 200, 450, 800, 1250, 1800, 2450]
Hex dump: 80 b2 c0 88 c1 82 c2 e0 c4 a2 c6 c8 c9 52	(14 bytes)
Bin dump: 10000000 10110010 11000000 10001000 11000001 10000010 11000010 11100000 11000100 10100010 11000110 11001000 11001001 01010010

Array:    [0, 50, 200, 450, 800, 1250, 1800, 2450, 3200]	(9 elements)
Decoded:  [0, 50, 200, 450, 800, 1250, 1800, 2450, 3200]
Hex dump: 80 b2 c0 88 c1 82 c2 e0 c4 a2 c6 c8 c9 52 cc 40	(16 bytes)
Bin dump: 10000000 10110010 11000000 10001000 11000001 10000010 11000010 11100000 11000100 10100010 11000110 11001000 11001001 01010010 11001100 01000000

Array:    [0, 50, 200, 450, 800, 1250, 1800, 2450, 3200, 4050]	(10 elements)
Decoded:  [0, 50, 200, 450, 800, 1250, 1800, 2450, 3200, 4050]
Hex dump: 80 b2 c0 88 c1 82 c2 e0 c4 a2 c6 c8 c9 52 cc 40 cf 92	(18 bytes)
Bin dump: 10000000 10110010 11000000 10001000 11000001 10000010 11000010 11100000 11000100 10100010 11000110 11001000 11001001 01010010 11001100 01000000 11001111 10010010

    Boundary values (WiredTiger length transitions)
v=0                      bytes=1 hex=80                        bin=10000000
v=1                      bytes=1 hex=81                        bin=10000001
v=62                     bytes=1 hex=be                        bin=10111110
v=63                     bytes=1 hex=bf                        bin=10111111
v=64                     bytes=2 hex=c0 00                     bin=11000000 00000000
v=65                     bytes=2 hex=c0 01                     bin=11000000 00000001
v=63                     bytes=1 hex=bf                        bin=10111111
v=64                     bytes=2 hex=c0 00                     bin=11000000 00000000
v=8254                   bytes=2 hex=df fe                     bin=11011111 11111110
v=8255                   bytes=2 hex=df ff                     bin=11011111 11111111
v=8256                   bytes=2 hex=e1 00                     bin=11100001 00000000
v=8257                   bytes=2 hex=e1 01                     bin=11100001 00000001
v=8510                   bytes=2 hex=e1 fe                     bin=11100001 11111110
v=8511                   bytes=2 hex=e1 ff                     bin=11100001 11111111
v=8512                   bytes=3 hex=e2 01 00                  bin=11100010 00000001 00000000
v=73791                  bytes=3 hex=e2 ff ff                  bin=11100010 11111111 11111111
v=73792                  bytes=4 hex=e3 01 00 00               bin=11100011 00000001 00000000 00000000
v=16785471               bytes=4 hex=e3 ff ff ff               bin=11100011 11111111 11111111 11111111
v=16785472               bytes=5 hex=e4 01 00 00 00            bin=11100100 00000001 00000000 00000000 00000000
v=4294975551             bytes=5 hex=e4 ff ff ff ff            bin=11100100 11111111 11111111 11111111 11111111
v=4294975552             bytes=6 hex=e5 01 00 00 00 00         bin=11100101 00000001 00000000 00000000 00000000 00000000
v=1099511636031          bytes=6 hex=e5 ff ff ff ff ff         bin=11100101 11111111 11111111 11111111 11111111 11111111
v=1099511636032          bytes=7 hex=e6 01 00 00 00 00 00      bin=11100110 00000001 00000000 00000000 00000000 00000000 00000000
v=281474976718911        bytes=7 hex=e6 ff ff ff ff ff ff      bin=11100110 11111111 11111111 11111111 11111111 11111111 11111111
v=281474976718912        bytes=8 hex=e7 01 00 00 00 00 00 00   bin=11100111 00000001 00000000 00000000 00000000 00000000 00000000 00000000
v=72057594037936191      bytes=8 hex=e7 ff ff ff ff ff ff ff   bin=11100111 11111111 11111111 11111111 11111111 11111111 11111111 11111111
v=72057594037936192      bytes=9 hex=e8 01 00 00 00 00 00 00 00 bin=11101000 00000001 00000000 00000000 00000000 00000000 00000000 00000000 00000000
v=9223372036854775807    bytes=9 hex=e8 7f ff ff ff ff ff df bf bin=11101000 01111111 11111111 11111111 11111111 11111111 11111111 11011111 10111111
Boundary tests passed.

    Random stress test (1000 integers)
Encoded 1000 values into 7987 bytes (avg 7.99 bytes/value)

    Mixed arrays incremental decoding
len=0   bytes=0    arr_head=[]
len=1   bytes=1    arr_head=[0]
len=5   bytes=5    arr_head=[0, 1, 2, 3, 4]
len=3   bytes=6    arr_head=[127, 128, 129]
len=4   bytes=10   arr_head=[1, 16383, 16384, 16385]
len=50  bytes=107  arr_head=[1046, 5845, 9028, 7469, 407]

    Error handling: truncated data
Truncated data correctly raised: truncated multi-byte positive value

    Error handling: over-request count
Over-request correctly raised: insufficient data to decode value

    Large value tests
v=4611686018427387903 bytes=9
v=4611686018427387904 bytes=9
v=4611686018427387905 bytes=9
v=4611686018427387905 bytes=9
