
    Unsigned integers (first 200)
Number     Hex             Bytes           Decoded    Bin
0          01              01              0          00000001
1          03              03              1          00000011
2          02              02              2          00000010
3          0a              0a              3          00001010
4          06              06              4          00000110
5          0e              0e              5          00001110
6          16              16              6          00010110
7          1e              1e              7          00011110
8          04              04              8          00000100
9          24              24              9          00100100
10         44              44              10         01000100
11         64              64              11         01100100
12         84              84              12         10000100
13         a4              a4              13         10100100
14         c4              c4              14         11000100
15         e4              e4              15         11100100
16         0c 00           0c 00           16         00001100 00000000
17         2c 00           2c 00           17         00101100 00000000
18         4c 00           4c 00           18         01001100 00000000
19         6c 00           6c 00           19         01101100 00000000
20         8c 00           8c 00           20         10001100 00000000
21         ac 00           ac 00           21         10101100 00000000
22         cc 00           cc 00           22         11001100 00000000
23         ec 00           ec 00           23         11101100 00000000
24         0c 01           0c 01           24         00001100 00000001
25         2c 01           2c 01           25         00101100 00000001
26         4c 01           4c 01           26         01001100 00000001
27         6c 01           6c 01           27         01101100 00000001
28         8c 01           8c 01           28         10001100 00000001
29         ac 01           ac 01           29         10101100 00000001
30         cc 01           cc 01           30         11001100 00000001
31         ec 01           ec 01           31         11101100 00000001
32         14 00           14 00           32         00010100 00000000
33         34 00           34 00           33         00110100 00000000
34         54 00           54 00           34         01010100 00000000
35         74 00           74 00           35         01110100 00000000
36         94 00           94 00           36         10010100 00000000
37         b4 00           b4 00           37         10110100 00000000
38         d4 00           d4 00           38         11010100 00000000
39         f4 00           f4 00           39         11110100 00000000
40         14 01           14 01           40         00010100 00000001
41         34 01           34 01           41         00110100 00000001
42         54 01           54 01           42         01010100 00000001
43         74 01           74 01           43         01110100 00000001
44         94 01           94 01           44         10010100 00000001
45         b4 01           b4 01           45         10110100 00000001
46         d4 01           d4 01           46         11010100 00000001
47         f4 01           f4 01           47         11110100 00000001
48         14 02           14 02           48         00010100 00000010
49         34 02           34 02           49         00110100 00000010
50         54 02           54 02           50         01010100 00000010
51         74 02           74 02           51         01110100 00000010
52         94 02           94 02           52         10010100 00000010
53         b4 02           b4 02           53         10110100 00000010
54         d4 02           d4 02           54         11010100 00000010
55         f4 02           f4 02           55         11110100 00000010
56         14 03           14 03           56         00010100 00000011
57         34 03           34 03           57         00110100 00000011
58         54 03           54 03           58         01010100 00000011
59         74 03           74 03           59         01110100 00000011
60         94 03           94 03           60         10010100 00000011
61         b4 03           b4 03           61         10110100 00000011
62         d4 03           d4 03           62         11010100 00000011
63         f4 03           f4 03           63         11110100 00000011
64         1c 00           1c 00           64         00011100 00000000
65         3c 00           3c 00           65         00111100 00000000
66         5c 00           5c 00           66         01011100 00000000
67         7c 00           7c 00           67         01111100 00000000
68         9c 00           9c 00           68         10011100 00000000
69         bc 00           bc 00           69         10111100 00000000
70         dc 00           dc 00           70         11011100 00000000
71         fc 00           fc 00           71         11111100 00000000
72         1c 01           1c 01           72         00011100 00000001
73         3c 01           3c 01           73         00111100 00000001
74         5c 01           5c 01           74         01011100 00000001
75         7c 01           7c 01           75         01111100 00000001
76         9c 01           9c 01           76         10011100 00000001
77         bc 01           bc 01           77         10111100 00000001
78         dc 01           dc 01           78         11011100 00000001
79         fc 01           fc 01           79         11111100 00000001
80         1c 02           1c 02           80         00011100 00000010
81         3c 02           3c 02           81         00111100 00000010
82         5c 02           5c 02           82         01011100 00000010
83         7c 02           7c 02           83         01111100 00000010
84         9c 02           9c 02           84         10011100 00000010
85         bc 02           bc 02           85         10111100 00000010
86         dc 02           dc 02           86         11011100 00000010
87         fc 02           fc 02           87         11111100 00000010
88         1c 03           1c 03           88         00011100 00000011
89         3c 03           3c 03           89         00111100 00000011
90         5c 03           5c 03           90         01011100 00000011
91         7c 03           7c 03           91         01111100 00000011
92         9c 03           9c 03           92         10011100 00000011
93         bc 03           bc 03           93         10111100 00000011
94         dc 03           dc 03           94         11011100 00000011
95         fc 03           fc 03           95         11111100 00000011
96         1c 04           1c 04           96         00011100 00000100
97         3c 04           3c 04           97         00111100 00000100
98         5c 04           5c 04           98         01011100 00000100
99         7c 04           7c 04           99         01111100 00000100
100        9c 04           9c 04           100        10011100 00000100
101        bc 04           bc 04           101        10111100 00000100
102        dc 04           dc 04           102        11011100 00000100
103        fc 04           fc 04           103        11111100 00000100
104        1c 05           1c 05           104        00011100 00000101
105        3c 05           3c 05           105        00111100 00000101
106        5c 05           5c 05           106        01011100 00000101
107        7c 05           7c 05           107        01111100 00000101
108        9c 05           9c 05           108        10011100 00000101
109        bc 05           bc 05           109        10111100 00000101
110        dc 05           dc 05           110        11011100 00000101
111        fc 05           fc 05           111        11111100 00000101
112        1c 06           1c 06           112        00011100 00000110
113        3c 06           3c 06           113        00111100 00000110
114        5c 06           5c 06           114        01011100 00000110
115        7c 06           7c 06           115        01111100 00000110
116        9c 06           9c 06           116        10011100 00000110
117        bc 06           bc 06           117        10111100 00000110
118        dc 06           dc 06           118        11011100 00000110
119        fc 06           fc 06           119        11111100 00000110
120        1c 07           1c 07           120        00011100 00000111
121        3c 07           3c 07           121        00111100 00000111
122        5c 07           5c 07           122        01011100 00000111
123        7c 07           7c 07           123        01111100 00000111
124        9c 07           9c 07           124        10011100 00000111
125        bc 07           bc 07           125        10111100 00000111
126        dc 07           dc 07           126        11011100 00000111
127        fc 07           fc 07           127        11111100 00000111
128        08 00           08 00           128        00001000 00000000
129        88 00           88 00           129        10001000 00000000
130        08 01           08 01           130        00001000 00000001
131        88 01           88 01           131        10001000 00000001
132        08 02           08 02           132        00001000 00000010
133        88 02           88 02           133        10001000 00000010
134        08 03           08 03           134        00001000 00000011
135        88 03           88 03           135        10001000 00000011
136        08 04           08 04           136        00001000 00000100
137        88 04           88 04           137        10001000 00000100
138        08 05           08 05           138        00001000 00000101
139        88 05           88 05           139        10001000 00000101
140        08 06           08 06           140        00001000 00000110
141        88 06           88 06           141        10001000 00000110
142        08 07           08 07           142        00001000 00000111
143        88 07           88 07           143        10001000 00000111
144        08 08           08 08           144        00001000 00001000
145        88 08           88 08           145        10001000 00001000
146        08 09           08 09           146        00001000 00001001
147        88 09           88 09           147        10001000 00001001
148        08 0a           08 0a           148        00001000 00001010
149        88 0a           88 0a           149        10001000 00001010
150        08 0b           08 0b           150        00001000 00001011
151        88 0b           88 0b           151        10001000 00001011
152        08 0c           08 0c           152        00001000 00001100
153        88 0c           88 0c           153        10001000 00001100
154        08 0d           08 0d           154        00001000 00001101
155        88 0d           88 0d           155        10001000 00001101
156        08 0e           08 0e           156        00001000 00001110
157        88 0e           88 0e           157        10001000 00001110
158        08 0f           08 0f           158        00001000 00001111
159        88 0f           88 0f           159        10001000 00001111
160        08 10           08 10           160        00001000 00010000
161        88 10           88 10           161        10001000 00010000
162        08 11           08 11           162        00001000 00010001
163        88 11           88 11           163        10001000 00010001
164        08 12           08 12           164        00001000 00010010
165        88 12           88 12           165        10001000 00010010
166        08 13           08 13           166        00001000 00010011
167        88 13           88 13           167        10001000 00010011
168        08 14           08 14           168        00001000 00010100
169        88 14           88 14           169        10001000 00010100
170        08 15           08 15           170        00001000 00010101
171        88 15           88 15           171        10001000 00010101
172        08 16           08 16           172        00001000 00010110
173        88 16           88 16           173        10001000 00010110
174        08 17           08 17           174        00001000 00010111
175        88 17           88 17           175        10001000 00010111
176        08 18           08 18           176        00001000 00011000
177        88 18           88 18           177        10001000 00011000
178        08 19           08 19           178        00001000 00011001
179        88 19           88 19           179        10001000 00011001
180        08 1a           08 1a           180        00001000 00011010
181        88 1a           88 1a           181        10001000 00011010
182        08 1b           08 1b           182        00001000 00011011
183        88 1b           88 1b           183        10001000 00011011
184        08 1c           08 1c           184        00001000 00011100
185        88 1c           88 1c           185        10001000 00011100
186        08 1d           08 1d           186        00001000 00011101
187        88 1d           88 1d           187        10001000 00011101
188        08 1e           08 1e           188        00001000 00011110
189        88 1e           88 1e           189        10001000 00011110
190        08 1f           08 1f           190        00001000 00011111
191        88 1f           88 1f           191        10001000 00011111
192        08 20           08 20           192        00001000 00100000
193        88 20           88 20           193        10001000 00100000
194        08 21           08 21           194        00001000 00100001
195        88 21           88 21           195        10001000 00100001
196        08 22           08 22           196        00001000 00100010
197        88 22           88 22           197        10001000 00100010
198        08 23           08 23           198        00001000 00100011
199        88 23           88 23           199        10001000 00100011

    Powers of two boundaries (v=2^k-1)
v                      logical_bits   len(bytes) Bin
0                      2              1          00000001
1                      2              1          00000011
2                      4              1          00000010
3                      4              1          00001010
6                      5              1          00010110
7                      5              1          00011110
14                     8              1          11000100
15                     8              1          11100100
30                     9              2          11001100 00000001
31                     9              2          11101100 00000001
62                     10             2          11010100 00000011
63                     10             2          11110100 00000011
126                    11             2          11011100 00000111
127                    11             2          11111100 00000111
254                    14             2          00001000 00111111
255                    14             2          10001000 00111111
510                    15             2          00011000 01111111
511                    15             2          10011000 01111111
1022                   16             2          00101000 11111111
1023                   16             2          10101000 11111111
2046                   17             3          00111000 11111111 00000001
2047                   17             3          10111000 11111111 00000001
4094                   18             3          01001000 11111111 00000011
4095                   18             3          11001000 11111111 00000011
8190                   19             3          01011000 11111111 00000111
8191                   19             3          11011000 11111111 00000111
16382                  20             3          01101000 11111111 00001111
16383                  20             3          11101000 11111111 00001111
32766                  21             3          01111000 11111111 00011111
32767                  21             3          11111000 11111111 00011111
65534                  24             3          00010000 11111100 11111111
65535                  24             3          00010000 11111110 11111111
131070                 25             4          00110000 11111100 11111111 00000001
131071                 25             4          00110000 11111110 11111111 00000001
262142                 26             4          01010000 11111100 11111111 00000011
262143                 26             4          01010000 11111110 11111111 00000011
524286                 27             4          01110000 11111100 11111111 00000111
524287                 27             4          01110000 11111110 11111111 00000111
1048574                28             4          10010000 11111100 11111111 00001111
1048575                28             4          10010000 11111110 11111111 00001111
2097150                29             4          10110000 11111100 11111111 00011111
2097151                29             4          10110000 11111110 11111111 00011111
4194302                30             4          11010000 11111100 11111111 00111111
4194303                30             4          11010000 11111110 11111111 00111111
8388606                31             4          11110000 11111100 11111111 01111111
8388607                31             4          11110000 11111110 11111111 01111111
16777214               32             4          00010000 11111101 11111111 11111111
16777215               32             4          00010000 11111111 11111111 11111111
33554430               33             5          00110000 11111101 11111111 11111111 00000001
33554431               33             5          00110000 11111111 11111111 11111111 00000001
67108862               34             5          01010000 11111101 11111111 11111111 00000011
67108863               34             5          01010000 11111111 11111111 11111111 00000011
134217726              35             5          01110000 11111101 11111111 11111111 00000111
134217727              35             5          01110000 11111111 11111111 11111111 00000111
268435454              36             5          10010000 11111101 11111111 11111111 00001111
268435455              36             5          10010000 11111111 11111111 11111111 00001111
536870910              37             5          10110000 11111101 11111111 11111111 00011111
536870911              37             5          10110000 11111111 11111111 11111111 00011111
1073741822             38             5          11010000 11111101 11111111 11111111 00111111
1073741823             38             5          11010000 11111111 11111111 11111111 00111111
2147483646             39             5          11110000 11111101 11111111 11111111 01111111
2147483647             39             5          11110000 11111111 11111111 11111111 01111111
4294967294             42             6          00100000 11110000 11111111 11111111 11111111 00000011
4294967295             42             6          00100000 11111000 11111111 11111111 11111111 00000011
8589934590             43             6          01100000 11110000 11111111 11111111 11111111 00000111
8589934591             43             6          01100000 11111000 11111111 11111111 11111111 00000111
17179869182            44             6          10100000 11110000 11111111 11111111 11111111 00001111
17179869183            44             6          10100000 11111000 11111111 11111111 11111111 00001111
34359738366            45             6          11100000 11110000 11111111 11111111 11111111 00011111
34359738367            45             6          11100000 11111000 11111111 11111111 11111111 00011111
68719476734            46             6          00100000 11110001 11111111 11111111 11111111 00111111
68719476735            46             6          00100000 11111001 11111111 11111111 11111111 00111111
137438953470           47             6          01100000 11110001 11111111 11111111 11111111 01111111
137438953471           47             6          01100000 11111001 11111111 11111111 11111111 01111111
274877906942           48             6          10100000 11110001 11111111 11111111 11111111 11111111
274877906943           48             6          10100000 11111001 11111111 11111111 11111111 11111111
549755813886           49             7          11100000 11110001 11111111 11111111 11111111 11111111 00000001
549755813887           49             7          11100000 11111001 11111111 11111111 11111111 11111111 00000001
1099511627774          50             7          00100000 11110010 11111111 11111111 11111111 11111111 00000011
1099511627775          50             7          00100000 11111010 11111111 11111111 11111111 11111111 00000011
2199023255550          51             7          01100000 11110010 11111111 11111111 11111111 11111111 00000111
2199023255551          51             7          01100000 11111010 11111111 11111111 11111111 11111111 00000111
4398046511102          52             7          10100000 11110010 11111111 11111111 11111111 11111111 00001111
4398046511103          52             7          10100000 11111010 11111111 11111111 11111111 11111111 00001111
8796093022206          53             7          11100000 11110010 11111111 11111111 11111111 11111111 00011111
8796093022207          53             7          11100000 11111010 11111111 11111111 11111111 11111111 00011111
17592186044414         54             7          00100000 11110011 11111111 11111111 11111111 11111111 00111111
17592186044415         54             7          00100000 11111011 11111111 11111111 11111111 11111111 00111111
35184372088830         55             7          01100000 11110011 11111111 11111111 11111111 11111111 01111111
35184372088831         55             7          01100000 11111011 11111111 11111111 11111111 11111111 01111111
70368744177662         56             7          10100000 11110011 11111111 11111111 11111111 11111111 11111111
70368744177663         56             7          10100000 11111011 11111111 11111111 11111111 11111111 11111111
140737488355326        57             8          11100000 11110011 11111111 11111111 11111111 11111111 11111111 00000001
140737488355327        57             8          11100000 11111011 11111111 11111111 11111111 11111111 11111111 00000001
281474976710654        58             8          00100000 11110100 11111111 11111111 11111111 11111111 11111111 00000011
281474976710655        58             8          00100000 11111100 11111111 11111111 11111111 11111111 11111111 00000011
562949953421310        59             8          01100000 11110100 11111111 11111111 11111111 11111111 11111111 00000111
562949953421311        59             8          01100000 11111100 11111111 11111111 11111111 11111111 11111111 00000111
1125899906842622       60             8          10100000 11110100 11111111 11111111 11111111 11111111 11111111 00001111
1125899906842623       60             8          10100000 11111100 11111111 11111111 11111111 11111111 11111111 00001111
2251799813685246       61             8          11100000 11110100 11111111 11111111 11111111 11111111 11111111 00011111
2251799813685247       61             8          11100000 11111100 11111111 11111111 11111111 11111111 11111111 00011111
4503599627370494       62             8          00100000 11110101 11111111 11111111 11111111 11111111 11111111 00111111
4503599627370495       62             8          00100000 11111101 11111111 11111111 11111111 11111111 11111111 00111111
9007199254740990       63             8          01100000 11110101 11111111 11111111 11111111 11111111 11111111 01111111
9007199254740991       63             8          01100000 11111101 11111111 11111111 11111111 11111111 11111111 01111111
18014398509481982      64             8          10100000 11110101 11111111 11111111 11111111 11111111 11111111 11111111
18014398509481983      64             8          10100000 11111101 11111111 11111111 11111111 11111111 11111111 11111111
36028797018963966      65             9          11100000 11110101 11111111 11111111 11111111 11111111 11111111 11111111 00000001
36028797018963967      65             9          11100000 11111101 11111111 11111111 11111111 11111111 11111111 11111111 00000001
72057594037927934      66             9          00100000 11110110 11111111 11111111 11111111 11111111 11111111 11111111 00000011
72057594037927935      66             9          00100000 11111110 11111111 11111111 11111111 11111111 11111111 11111111 00000011
144115188075855870     67             9          01100000 11110110 11111111 11111111 11111111 11111111 11111111 11111111 00000111
144115188075855871     67             9          01100000 11111110 11111111 11111111 11111111 11111111 11111111 11111111 00000111
288230376151711742     68             9          10100000 11110110 11111111 11111111 11111111 11111111 11111111 11111111 00001111
288230376151711743     68             9          10100000 11111110 11111111 11111111 11111111 11111111 11111111 11111111 00001111
576460752303423486     69             9          11100000 11110110 11111111 11111111 11111111 11111111 11111111 11111111 00011111
576460752303423487     69             9          11100000 11111110 11111111 11111111 11111111 11111111 11111111 11111111 00011111
1152921504606846974    70             9          00100000 11110111 11111111 11111111 11111111 11111111 11111111 11111111 00111111
1152921504606846975    70             9          00100000 11111111 11111111 11111111 11111111 11111111 11111111 11111111 00111111
2305843009213693950    71             9          01100000 11110111 11111111 11111111 11111111 11111111 11111111 11111111 01111111
2305843009213693951    71             9          01100000 11111111 11111111 11111111 11111111 11111111 11111111 11111111 01111111
4611686018427387902    72             9          10100000 11110111 11111111 11111111 11111111 11111111 11111111 11111111 11111111
4611686018427387903    72             9          10100000 11111111 11111111 11111111 11111111 11111111 11111111 11111111 11111111
9223372036854775806    73             10         11100000 11110111 11111111 11111111 11111111 11111111 11111111 11111111 11111111 00000001
9223372036854775807    73             10         11100000 11111111 11111111 11111111 11111111 11111111 11111111 11111111 11111111 00000001
18446744073709551614   76             10         01000000 11000000 11111111 11111111 11111111 11111111 11111111 11111111 11111111 00001111
18446744073709551615   76             10         01000000 11100000 11111111 11111111 11111111 11111111 11111111 11111111 11111111 00001111

Boundary length transition spot checks
Random bulk test
Encoded 500 values -> 2495 bytes (avg 4.99)
Signed mapping test
All tests passed (LSB-tail delta variant).
