
    Unsigned integers
Number     Hex                  Bin                             Decoded Value       
0          00                   00000000                        0                   
10         0a                   00001010                        10                  
20         14                   00010100                        20                  
30         1e                   00011110                        30                  
40         28                   00101000                        40                  
50         32                   00110010                        50                  
60         3c                   00111100                        60                  
70         46                   01000110                        70                  
80         50                   01010000                        80                  
90         5a                   01011010                        90                  
100        64                   01100100                        100                 
110        6e                   01101110                        110                 
120        78                   01111000                        120                 
130        82 01                10000010 00000001               130                 
140        8c 01                10001100 00000001               140                 
150        96 01                10010110 00000001               150                 
160        a0 01                10100000 00000001               160                 
170        aa 01                10101010 00000001               170                 
180        b4 01                10110100 00000001               180                 
190        be 01                10111110 00000001               190                 
200        c8 01                11001000 00000001               200                 
210        d2 01                11010010 00000001               210                 
220        dc 01                11011100 00000001               220                 
230        e6 01                11100110 00000001               230                 
240        f0 01                11110000 00000001               240                 
250        fa 01                11111010 00000001               250                 
260        84 02                10000100 00000010               260                 
270        8e 02                10001110 00000010               270                 
280        98 02                10011000 00000010               280                 
290        a2 02                10100010 00000010               290                 
300        ac 02                10101100 00000010               300                 
310        b6 02                10110110 00000010               310                 
320        c0 02                11000000 00000010               320                 
330        ca 02                11001010 00000010               330                 
340        d4 02                11010100 00000010               340                 
350        de 02                11011110 00000010               350                 
360        e8 02                11101000 00000010               360                 
370        f2 02                11110010 00000010               370                 
380        fc 02                11111100 00000010               380                 
390        86 03                10000110 00000011               390                 
400        90 03                10010000 00000011               400                 
410        9a 03                10011010 00000011               410                 
420        a4 03                10100100 00000011               420                 
430        ae 03                10101110 00000011               430                 
440        b8 03                10111000 00000011               440                 
450        c2 03                11000010 00000011               450                 
460        cc 03                11001100 00000011               460                 
470        d6 03                11010110 00000011               470                 
480        e0 03                11100000 00000011               480                 
490        ea 03                11101010 00000011               490                 
500        f4 03                11110100 00000011               500                 
510        fe 03                11111110 00000011               510                 
520        88 04                10001000 00000100               520                 
530        92 04                10010010 00000100               530                 
540        9c 04                10011100 00000100               540                 
550        a6 04                10100110 00000100               550                 
560        b0 04                10110000 00000100               560                 
570        ba 04                10111010 00000100               570                 
580        c4 04                11000100 00000100               580                 
590        ce 04                11001110 00000100               590                 
600        d8 04                11011000 00000100               600                 
610        e2 04                11100010 00000100               610                 
620        ec 04                11101100 00000100               620                 
630        f6 04                11110110 00000100               630                 
640        80 05                10000000 00000101               640                 
650        8a 05                10001010 00000101               650                 
660        94 05                10010100 00000101               660                 
670        9e 05                10011110 00000101               670                 
680        a8 05                10101000 00000101               680                 
690        b2 05                10110010 00000101               690                 
700        bc 05                10111100 00000101               700                 
710        c6 05                11000110 00000101               710                 
720        d0 05                11010000 00000101               720                 
730        da 05                11011010 00000101               730                 
740        e4 05                11100100 00000101               740                 
750        ee 05                11101110 00000101               750                 
760        f8 05                11111000 00000101               760                 
770        82 06                10000010 00000110               770                 
780        8c 06                10001100 00000110               780                 
790        96 06                10010110 00000110               790                 
800        a0 06                10100000 00000110               800                 
810        aa 06                10101010 00000110               810                 
820        b4 06                10110100 00000110               820                 
830        be 06                10111110 00000110               830                 
840        c8 06                11001000 00000110               840                 
850        d2 06                11010010 00000110               850                 
860        dc 06                11011100 00000110               860                 
870        e6 06                11100110 00000110               870                 
880        f0 06                11110000 00000110               880                 
890        fa 06                11111010 00000110               890                 
900        84 07                10000100 00000111               900                 
910        8e 07                10001110 00000111               910                 
920        98 07                10011000 00000111               920                 
930        a2 07                10100010 00000111               930                 
940        ac 07                10101100 00000111               940                 
950        b6 07                10110110 00000111               950                 
960        c0 07                11000000 00000111               960                 
970        ca 07                11001010 00000111               970                 
980        d4 07                11010100 00000111               980                 
990        de 07                11011110 00000111               990                 
1000       e8 07                11101000 00000111               1000                
1010       f2 07                11110010 00000111               1010                
1020       fc 07                11111100 00000111               1020                
1030       86 08                10000110 00001000               1030                
1040       90 08                10010000 00001000               1040                
1050       9a 08                10011010 00001000               1050                
1060       a4 08                10100100 00001000               1060                
1070       ae 08                10101110 00001000               1070                
1080       b8 08                10111000 00001000               1080                
1090       c2 08                11000010 00001000               1090                
1100       cc 08                11001100 00001000               1100                
1110       d6 08                11010110 00001000               1110                
1120       e0 08                11100000 00001000               1120                
1130       ea 08                11101010 00001000               1130                
1140       f4 08                11110100 00001000               1140                
1150       fe 08                11111110 00001000               1150                
1160       88 09                10001000 00001001               1160                
1170       92 09                10010010 00001001               1170                
1180       9c 09                10011100 00001001               1180                
1190       a6 09                10100110 00001001               1190                
1200       b0 09                10110000 00001001               1200                
1210       ba 09                10111010 00001001               1210                
1220       c4 09                11000100 00001001               1220                
1230       ce 09                11001110 00001001               1230                
1240       d8 09                11011000 00001001               1240                
1250       e2 09                11100010 00001001               1250                
1260       ec 09                11101100 00001001               1260                
1270       f6 09                11110110 00001001               1270                
1280       80 0a                10000000 00001010               1280                
1290       8a 0a                10001010 00001010               1290                
1300       94 0a                10010100 00001010               1300                
1310       9e 0a                10011110 00001010               1310                
1320       a8 0a                10101000 00001010               1320                
1330       b2 0a                10110010 00001010               1330                
1340       bc 0a                10111100 00001010               1340                
1350       c6 0a                11000110 00001010               1350                
1360       d0 0a                11010000 00001010               1360                
1370       da 0a                11011010 00001010               1370                
1380       e4 0a                11100100 00001010               1380                
1390       ee 0a                11101110 00001010               1390                
1400       f8 0a                11111000 00001010               1400                
1410       82 0b                10000010 00001011               1410                
1420       8c 0b                10001100 00001011               1420                
1430       96 0b                10010110 00001011               1430                
1440       a0 0b                10100000 00001011               1440                
1450       aa 0b                10101010 00001011               1450                
1460       b4 0b                10110100 00001011               1460                
1470       be 0b                10111110 00001011               1470                
1480       c8 0b                11001000 00001011               1480                
1490       d2 0b                11010010 00001011               1490                
1500       dc 0b                11011100 00001011               1500                
1510       e6 0b                11100110 00001011               1510                
1520       f0 0b                11110000 00001011               1520                
1530       fa 0b                11111010 00001011               1530                
1540       84 0c                10000100 00001100               1540                
1550       8e 0c                10001110 00001100               1550                
1560       98 0c                10011000 00001100               1560                
1570       a2 0c                10100010 00001100               1570                
1580       ac 0c                10101100 00001100               1580                
1590       b6 0c                10110110 00001100               1590                
1600       c0 0c                11000000 00001100               1600                
1610       ca 0c                11001010 00001100               1610                
1620       d4 0c                11010100 00001100               1620                
1630       de 0c                11011110 00001100               1630                
1640       e8 0c                11101000 00001100               1640                
1650       f2 0c                11110010 00001100               1650                
1660       fc 0c                11111100 00001100               1660                
1670       86 0d                10000110 00001101               1670                
1680       90 0d                10010000 00001101               1680                
1690       9a 0d                10011010 00001101               1690                
1700       a4 0d                10100100 00001101               1700                
1710       ae 0d                10101110 00001101               1710                
1720       b8 0d                10111000 00001101               1720                
1730       c2 0d                11000010 00001101               1730                
1740       cc 0d                11001100 00001101               1740                
1750       d6 0d                11010110 00001101               1750                
1760       e0 0d                11100000 00001101               1760                
1770       ea 0d                11101010 00001101               1770                
1780       f4 0d                11110100 00001101               1780                
1790       fe 0d                11111110 00001101               1790                
1800       88 0e                10001000 00001110               1800                
1810       92 0e                10010010 00001110               1810                
1820       9c 0e                10011100 00001110               1820                
1830       a6 0e                10100110 00001110               1830                
1840       b0 0e                10110000 00001110               1840                
1850       ba 0e                10111010 00001110               1850                
1860       c4 0e                11000100 00001110               1860                
1870       ce 0e                11001110 00001110               1870                
1880       d8 0e                11011000 00001110               1880                
1890       e2 0e                11100010 00001110               1890                
1900       ec 0e                11101100 00001110               1900                
1910       f6 0e                11110110 00001110               1910                
1920       80 0f                10000000 00001111               1920                
1930       8a 0f                10001010 00001111               1930                
1940       94 0f                10010100 00001111               1940                
1950       9e 0f                10011110 00001111               1950                
1960       a8 0f                10101000 00001111               1960                
1970       b2 0f                10110010 00001111               1970                
1980       bc 0f                10111100 00001111               1980                
1990       c6 0f                11000110 00001111               1990                
2000       d0 0f                11010000 00001111               2000                
2080       a0 10                10100000 00010000               2080                
2210       a2 11                10100010 00010001               2210                
2530       e2 13                11100010 00010011               2530                
3280       d0 19                11010000 00011001               3280                
4980       f4 26                11110100 00100110               4980                
8820       f4 44                11110100 01000100               8820                
17360      d0 87 01             11010000 10000111 00000001      17360               
36130      a2 9a 02             10100010 10011010 00000010      36130               
77090      a2 da 04             10100010 11011010 00000100      77090               
165840     d0 8f 0a             11010000 10001111 00001010      165840              
356980     f4 e4 15             11110100 11100100 00010101      356980              
766580     f4 e4 2e             11110100 11100100 00101110      766580              
1640400    d0 8f 64             11010000 10001111 01100100      1640400             
3497250    a2 ba d5 01          10100010 10111010 11010101 00000001  3497250             
7429410    a2 ba c5 03          10100010 10111010 11000101 00000011  7429410             
15730640   d0 8f c0 07          11010000 10001111 11000000 00000111  15730640            
33206900   f4 e4 ea 0f          11110100 11100100 11101010 00001111  33206900            
69907060   f4 e4 aa 21          11110100 11100100 10101010 00100001  69907060            
146802640  d0 8f 80 46          11010000 10001111 10000000 01000110  146802640           
307584290  a2 ba d5 92 01       10100010 10111010 11010101 10010010 00000001  307584290           
643128610  a2 ba d5 b2 02       10100010 10111010 11010101 10110010 00000010  643128610           
1342179280 d0 8f 80 80 05       11010000 10001111 10000000 10000000 00000101  1342179280          
2796204660 f4 e4 aa b5 0a       11110100 11100100 10101010 10110101 00001010  2796204660          
5816103540 f4 e4 aa d5 15       11110100 11100100 10101010 11010101 00010101  5816103540          
12079597520 d0 8f 80 80 2d       11010000 10001111 10000000 10000000 00101101  12079597520         
25053977890 a2 ba d5 aa 5d       10100010 10111010 11010101 10101010 01011101  25053977890         
51897523490 a2 ba d5 aa c1 01    10100010 10111010 11010101 10101010 11000001 00000001  51897523490         

    Signed integers
Number     Hex                  Bin                  Decoded Value       
-1000      cf 0f                11001111 00001111    -1000               
-990       bb 0f                10111011 00001111    -990                
-980       a7 0f                10100111 00001111    -980                
-970       93 0f                10010011 00001111    -970                
-960       ff 0e                11111111 00001110    -960                
-950       eb 0e                11101011 00001110    -950                
-940       d7 0e                11010111 00001110    -940                
-930       c3 0e                11000011 00001110    -930                
-920       af 0e                10101111 00001110    -920                
-910       9b 0e                10011011 00001110    -910                
-900       87 0e                10000111 00001110    -900                
-890       f3 0d                11110011 00001101    -890                
-880       df 0d                11011111 00001101    -880                
-870       cb 0d                11001011 00001101    -870                
-860       b7 0d                10110111 00001101    -860                
-850       a3 0d                10100011 00001101    -850                
-840       8f 0d                10001111 00001101    -840                
-830       fb 0c                11111011 00001100    -830                
-820       e7 0c                11100111 00001100    -820                
-810       d3 0c                11010011 00001100    -810                
-800       bf 0c                10111111 00001100    -800                
-790       ab 0c                10101011 00001100    -790                
-780       97 0c                10010111 00001100    -780                
-770       83 0c                10000011 00001100    -770                
-760       ef 0b                11101111 00001011    -760                
-750       db 0b                11011011 00001011    -750                
-740       c7 0b                11000111 00001011    -740                
-730       b3 0b                10110011 00001011    -730                
-720       9f 0b                10011111 00001011    -720                
-710       8b 0b                10001011 00001011    -710                
-700       f7 0a                11110111 00001010    -700                
-690       e3 0a                11100011 00001010    -690                
-680       cf 0a                11001111 00001010    -680                
-670       bb 0a                10111011 00001010    -670                
-660       a7 0a                10100111 00001010    -660                
-650       93 0a                10010011 00001010    -650                
-640       ff 09                11111111 00001001    -640                
-630       eb 09                11101011 00001001    -630                
-620       d7 09                11010111 00001001    -620                
-610       c3 09                11000011 00001001    -610                
-600       af 09                10101111 00001001    -600                
-590       9b 09                10011011 00001001    -590                
-580       87 09                10000111 00001001    -580                
-570       f3 08                11110011 00001000    -570                
-560       df 08                11011111 00001000    -560                
-550       cb 08                11001011 00001000    -550                
-540       b7 08                10110111 00001000    -540                
-530       a3 08                10100011 00001000    -530                
-520       8f 08                10001111 00001000    -520                
-510       fb 07                11111011 00000111    -510                
-500       e7 07                11100111 00000111    -500                
-490       d3 07                11010011 00000111    -490                
-480       bf 07                10111111 00000111    -480                
-470       ab 07                10101011 00000111    -470                
-460       97 07                10010111 00000111    -460                
-450       83 07                10000011 00000111    -450                
-440       ef 06                11101111 00000110    -440                
-430       db 06                11011011 00000110    -430                
-420       c7 06                11000111 00000110    -420                
-410       b3 06                10110011 00000110    -410                
-400       9f 06                10011111 00000110    -400                
-390       8b 06                10001011 00000110    -390                
-380       f7 05                11110111 00000101    -380                
-370       e3 05                11100011 00000101    -370                
-360       cf 05                11001111 00000101    -360                
-350       bb 05                10111011 00000101    -350                
-340       a7 05                10100111 00000101    -340                
-330       93 05                10010011 00000101    -330                
-320       ff 04                11111111 00000100    -320                
-310       eb 04                11101011 00000100    -310                
-300       d7 04                11010111 00000100    -300                
-290       c3 04                11000011 00000100    -290                
-280       af 04                10101111 00000100    -280                
-270       9b 04                10011011 00000100    -270                
-260       87 04                10000111 00000100    -260                
-250       f3 03                11110011 00000011    -250                
-240       df 03                11011111 00000011    -240                
-230       cb 03                11001011 00000011    -230                
-220       b7 03                10110111 00000011    -220                
-210       a3 03                10100011 00000011    -210                
-200       8f 03                10001111 00000011    -200                
-190       fb 02                11111011 00000010    -190                
-180       e7 02                11100111 00000010    -180                
-170       d3 02                11010011 00000010    -170                
-160       bf 02                10111111 00000010    -160                
-150       ab 02                10101011 00000010    -150                
-140       97 02                10010111 00000010    -140                
-130       83 02                10000011 00000010    -130                
-120       ef 01                11101111 00000001    -120                
-110       db 01                11011011 00000001    -110                
-100       c7 01                11000111 00000001    -100                
-90        b3 01                10110011 00000001    -90                 
-80        9f 01                10011111 00000001    -80                 
-70        8b 01                10001011 00000001    -70                 
-60        77                   01110111             -60                 
-50        63                   01100011             -50                 
-40        4f                   01001111             -40                 
-30        3b                   00111011             -30                 
-20        27                   00100111             -20                 
-10        13                   00010011             -10                 
0          00                   00000000             0                   
10         14                   00010100             10                  
20         28                   00101000             20                  
30         3c                   00111100             30                  
40         50                   01010000             40                  
50         64                   01100100             50                  
60         78                   01111000             60                  
70         8c 01                10001100 00000001    70                  
80         a0 01                10100000 00000001    80                  
90         b4 01                10110100 00000001    90                  
100        c8 01                11001000 00000001    100                 
110        dc 01                11011100 00000001    110                 
120        f0 01                11110000 00000001    120                 
130        84 02                10000100 00000010    130                 
140        98 02                10011000 00000010    140                 
150        ac 02                10101100 00000010    150                 
160        c0 02                11000000 00000010    160                 
170        d4 02                11010100 00000010    170                 
180        e8 02                11101000 00000010    180                 
190        fc 02                11111100 00000010    190                 
200        90 03                10010000 00000011    200                 
210        a4 03                10100100 00000011    210                 
220        b8 03                10111000 00000011    220                 
230        cc 03                11001100 00000011    230                 
240        e0 03                11100000 00000011    240                 
250        f4 03                11110100 00000011    250                 
260        88 04                10001000 00000100    260                 
270        9c 04                10011100 00000100    270                 
280        b0 04                10110000 00000100    280                 
290        c4 04                11000100 00000100    290                 
300        d8 04                11011000 00000100    300                 
310        ec 04                11101100 00000100    310                 
320        80 05                10000000 00000101    320                 
330        94 05                10010100 00000101    330                 
340        a8 05                10101000 00000101    340                 
350        bc 05                10111100 00000101    350                 
360        d0 05                11010000 00000101    360                 
370        e4 05                11100100 00000101    370                 
380        f8 05                11111000 00000101    380                 
390        8c 06                10001100 00000110    390                 
400        a0 06                10100000 00000110    400                 
410        b4 06                10110100 00000110    410                 
420        c8 06                11001000 00000110    420                 
430        dc 06                11011100 00000110    430                 
440        f0 06                11110000 00000110    440                 
450        84 07                10000100 00000111    450                 
460        98 07                10011000 00000111    460                 
470        ac 07                10101100 00000111    470                 
480        c0 07                11000000 00000111    480                 
490        d4 07                11010100 00000111    490                 
500        e8 07                11101000 00000111    500                 
510        fc 07                11111100 00000111    510                 
520        90 08                10010000 00001000    520                 
530        a4 08                10100100 00001000    530                 
540        b8 08                10111000 00001000    540                 
550        cc 08                11001100 00001000    550                 
560        e0 08                11100000 00001000    560                 
570        f4 08                11110100 00001000    570                 
580        88 09                10001000 00001001    580                 
590        9c 09                10011100 00001001    590                 
600        b0 09                10110000 00001001    600                 
610        c4 09                11000100 00001001    610                 
620        d8 09                11011000 00001001    620                 
630        ec 09                11101100 00001001    630                 
640        80 0a                10000000 00001010    640                 
650        94 0a                10010100 00001010    650                 
660        a8 0a                10101000 00001010    660                 
670        bc 0a                10111100 00001010    670                 
680        d0 0a                11010000 00001010    680                 
690        e4 0a                11100100 00001010    690                 
700        f8 0a                11111000 00001010    700                 
710        8c 0b                10001100 00001011    710                 
720        a0 0b                10100000 00001011    720                 
730        b4 0b                10110100 00001011    730                 
740        c8 0b                11001000 00001011    740                 
750        dc 0b                11011100 00001011    750                 
760        f0 0b                11110000 00001011    760                 
770        84 0c                10000100 00001100    770                 
780        98 0c                10011000 00001100    780                 
790        ac 0c                10101100 00001100    790                 
800        c0 0c                11000000 00001100    800                 
810        d4 0c                11010100 00001100    810                 
820        e8 0c                11101000 00001100    820                 
830        fc 0c                11111100 00001100    830                 
840        90 0d                10010000 00001101    840                 
850        a4 0d                10100100 00001101    850                 
860        b8 0d                10111000 00001101    860                 
870        cc 0d                11001100 00001101    870                 
880        e0 0d                11100000 00001101    880                 
890        f4 0d                11110100 00001101    890                 
900        88 0e                10001000 00001110    900                 
910        9c 0e                10011100 00001110    910                 
920        b0 0e                10110000 00001110    920                 
930        c4 0e                11000100 00001110    930                 
940        d8 0e                11011000 00001110    940                 
950        ec 0e                11101100 00001110    950                 
960        80 0f                10000000 00001111    960                 
970        94 0f                10010100 00001111    970                 
980        a8 0f                10101000 00001111    980                 
990        bc 0f                10111100 00001111    990                 
1000       d0 0f                11010000 00001111    1000                

    Unsigned integers (exponent)
Number     Hex                                      Bin                                                               Decoded
1          01                                       00000001                                                          1
2          02                                       00000010                                                          2
4          04                                       00000100                                                          4
8          08                                       00001000                                                          8
16         10                                       00010000                                                          16
32         20                                       00100000                                                          32
64         40                                       01000000                                                          64
128        80 01                                    10000000 00000001                                                 128
256        80 02                                    10000000 00000010                                                 256
512        80 04                                    10000000 00000100                                                 512
1024       80 08                                    10000000 00001000                                                 1024
2048       80 10                                    10000000 00010000                                                 2048
4096       80 20                                    10000000 00100000                                                 4096
8192       80 40                                    10000000 01000000                                                 8192
16384      80 80 01                                 10000000 10000000 00000001                                        16384
32768      80 80 02                                 10000000 10000000 00000010                                        32768
65536      80 80 04                                 10000000 10000000 00000100                                        65536
131072     80 80 08                                 10000000 10000000 00001000                                        131072
262144     80 80 10                                 10000000 10000000 00010000                                        262144
524288     80 80 20                                 10000000 10000000 00100000                                        524288
1048576    80 80 40                                 10000000 10000000 01000000                                        1048576
2097152    80 80 80 01                              10000000 10000000 10000000 00000001                               2097152
4194304    80 80 80 02                              10000000 10000000 10000000 00000010                               4194304
8388608    80 80 80 04                              10000000 10000000 10000000 00000100                               8388608
16777216   80 80 80 08                              10000000 10000000 10000000 00001000                               16777216
33554432   80 80 80 10                              10000000 10000000 10000000 00010000                               33554432
67108864   80 80 80 20                              10000000 10000000 10000000 00100000                               67108864
134217728  80 80 80 40                              10000000 10000000 10000000 01000000                               134217728
268435456  80 80 80 80 01                           10000000 10000000 10000000 10000000 00000001                      268435456
536870912  80 80 80 80 02                           10000000 10000000 10000000 10000000 00000010                      536870912
1073741824 80 80 80 80 04                           10000000 10000000 10000000 10000000 00000100                      1073741824
2147483648 80 80 80 80 08                           10000000 10000000 10000000 10000000 00001000                      2147483648
4294967296 80 80 80 80 10                           10000000 10000000 10000000 10000000 00010000                      4294967296
8589934592 80 80 80 80 20                           10000000 10000000 10000000 10000000 00100000                      8589934592
17179869184 80 80 80 80 40                           10000000 10000000 10000000 10000000 01000000                      17179869184
34359738368 80 80 80 80 80 01                        10000000 10000000 10000000 10000000 10000000 00000001             34359738368
68719476736 80 80 80 80 80 02                        10000000 10000000 10000000 10000000 10000000 00000010             68719476736
137438953472 80 80 80 80 80 04                        10000000 10000000 10000000 10000000 10000000 00000100             137438953472
274877906944 80 80 80 80 80 08                        10000000 10000000 10000000 10000000 10000000 00001000             274877906944
549755813888 80 80 80 80 80 10                        10000000 10000000 10000000 10000000 10000000 00010000             549755813888
1099511627776 80 80 80 80 80 20                        10000000 10000000 10000000 10000000 10000000 00100000             1099511627776
2199023255552 80 80 80 80 80 40                        10000000 10000000 10000000 10000000 10000000 01000000             2199023255552
4398046511104 80 80 80 80 80 80 01                     10000000 10000000 10000000 10000000 10000000 10000000 00000001    4398046511104
8796093022208 80 80 80 80 80 80 02                     10000000 10000000 10000000 10000000 10000000 10000000 00000010    8796093022208
17592186044416 80 80 80 80 80 80 04                     10000000 10000000 10000000 10000000 10000000 10000000 00000100    17592186044416
35184372088832 80 80 80 80 80 80 08                     10000000 10000000 10000000 10000000 10000000 10000000 00001000    35184372088832
70368744177664 80 80 80 80 80 80 10                     10000000 10000000 10000000 10000000 10000000 10000000 00010000    70368744177664
140737488355328 80 80 80 80 80 80 20                     10000000 10000000 10000000 10000000 10000000 10000000 00100000    140737488355328
281474976710656 80 80 80 80 80 80 40                     10000000 10000000 10000000 10000000 10000000 10000000 01000000    281474976710656
562949953421312 80 80 80 80 80 80 80 01                  10000000 10000000 10000000 10000000 10000000 10000000 10000000 00000001  562949953421312
1125899906842624 80 80 80 80 80 80 80 02                  10000000 10000000 10000000 10000000 10000000 10000000 10000000 00000010  1125899906842624
2251799813685248 80 80 80 80 80 80 80 04                  10000000 10000000 10000000 10000000 10000000 10000000 10000000 00000100  2251799813685248
4503599627370496 80 80 80 80 80 80 80 08                  10000000 10000000 10000000 10000000 10000000 10000000 10000000 00001000  4503599627370496
9007199254740992 80 80 80 80 80 80 80 10                  10000000 10000000 10000000 10000000 10000000 10000000 10000000 00010000  9007199254740992
18014398509481984 80 80 80 80 80 80 80 20                  10000000 10000000 10000000 10000000 10000000 10000000 10000000 00100000  18014398509481984
36028797018963968 80 80 80 80 80 80 80 40                  10000000 10000000 10000000 10000000 10000000 10000000 10000000 01000000  36028797018963968
72057594037927936 80 80 80 80 80 80 80 80 01               10000000 10000000 10000000 10000000 10000000 10000000 10000000 10000000 00000001  72057594037927936
144115188075855872 80 80 80 80 80 80 80 80 02               10000000 10000000 10000000 10000000 10000000 10000000 10000000 10000000 00000010  144115188075855872
288230376151711744 80 80 80 80 80 80 80 80 04               10000000 10000000 10000000 10000000 10000000 10000000 10000000 10000000 00000100  288230376151711744
576460752303423488 80 80 80 80 80 80 80 80 08               10000000 10000000 10000000 10000000 10000000 10000000 10000000 10000000 00001000  576460752303423488
1152921504606846976 80 80 80 80 80 80 80 80 10               10000000 10000000 10000000 10000000 10000000 10000000 10000000 10000000 00010000  1152921504606846976
2305843009213693952 80 80 80 80 80 80 80 80 20               10000000 10000000 10000000 10000000 10000000 10000000 10000000 10000000 00100000  2305843009213693952
4611686018427387904 80 80 80 80 80 80 80 80 40               10000000 10000000 10000000 10000000 10000000 10000000 10000000 10000000 01000000  4611686018427387904
9223372036854775808 80 80 80 80 80 80 80 80 80 01            10000000 10000000 10000000 10000000 10000000 10000000 10000000 10000000 10000000 00000001  9223372036854775808
18446744073709551615 ff ff ff ff ff ff ff ff ff 01            11111111 11111111 11111111 11111111 11111111 11111111 11111111 11111111 11111111 00000001  18446744073709551615

    Pairs of integers
Array           Decoded         Len      Hex        Bin             
[0, 0]          [0, 0]          2        00 00      00000000 00000000
[55, 10]        [55, 10]        2        37 0a      00110111 00001010
[210, 20]       [210, 20]       3        d2 01 14   11010010 00000001 00010100
[465, 30]       [465, 30]       3        d1 03 1e   11010001 00000011 00011110
[820, 40]       [820, 40]       3        b4 06 28   10110100 00000110 00101000
[1275, 50]      [1275, 50]      3        fb 09 32   11111011 00001001 00110010
[1830, 60]      [1830, 60]      3        a6 0e 3c   10100110 00001110 00111100
[2485, 70]      [2485, 70]      3        b5 13 46   10110101 00010011 01000110
[3240, 80]      [3240, 80]      3        a8 19 50   10101000 00011001 01010000
[4095, 90]      [4095, 90]      3        ff 1f 5a   11111111 00011111 01011010
[5050, 100]     [5050, 100]     3        ba 27 64   10111010 00100111 01100100

    Array of small integers

Array:    [0]       	(1 elements)
Decoded:  [0]
Hex dump: 00	(1 bytes)
Bin dump: 00000000

Array:    [0, 50]   	(2 elements)
Decoded:  [0, 50]
Hex dump: 00 32	(2 bytes)
Bin dump: 00000000 00110010

Array:    [0, 50, 100]	(3 elements)
Decoded:  [0, 50, 100]
Hex dump: 00 32 64	(3 bytes)
Bin dump: 00000000 00110010 01100100

Array:    [0, 50, 100, 150]	(4 elements)
Decoded:  [0, 50, 100, 150]
Hex dump: 00 32 64 96 01	(5 bytes)
Bin dump: 00000000 00110010 01100100 10010110 00000001

Array:    [0, 50, 100, 150, 200]	(5 elements)
Decoded:  [0, 50, 100, 150, 200]
Hex dump: 00 32 64 96 01 c8 01	(7 bytes)
Bin dump: 00000000 00110010 01100100 10010110 00000001 11001000 00000001

Array:    [0, 50, 100, 150, 200, 250]	(6 elements)
Decoded:  [0, 50, 100, 150, 200, 250]
Hex dump: 00 32 64 96 01 c8 01 fa 01	(9 bytes)
Bin dump: 00000000 00110010 01100100 10010110 00000001 11001000 00000001 11111010 00000001

Array:    [0, 50, 100, 150, 200, 250, 300]	(7 elements)
Decoded:  [0, 50, 100, 150, 200, 250, 300]
Hex dump: 00 32 64 96 01 c8 01 fa 01 ac 02	(11 bytes)
Bin dump: 00000000 00110010 01100100 10010110 00000001 11001000 00000001 11111010 00000001 10101100 00000010

Array:    [0, 50, 100, 150, 200, 250, 300, 350]	(8 elements)
Decoded:  [0, 50, 100, 150, 200, 250, 300, 350]
Hex dump: 00 32 64 96 01 c8 01 fa 01 ac 02 de 02	(13 bytes)
Bin dump: 00000000 00110010 01100100 10010110 00000001 11001000 00000001 11111010 00000001 10101100 00000010 11011110 00000010

Array:    [0, 50, 100, 150, 200, 250, 300, 350, 400]	(9 elements)
Decoded:  [0, 50, 100, 150, 200, 250, 300, 350, 400]
Hex dump: 00 32 64 96 01 c8 01 fa 01 ac 02 de 02 90 03	(15 bytes)
Bin dump: 00000000 00110010 01100100 10010110 00000001 11001000 00000001 11111010 00000001 10101100 00000010 11011110 00000010 10010000 00000011

Array:    [0, 50, 100, 150, 200, 250, 300, 350, 400, 450]	(10 elements)
Decoded:  [0, 50, 100, 150, 200, 250, 300, 350, 400, 450]
Hex dump: 00 32 64 96 01 c8 01 fa 01 ac 02 de 02 90 03 c2 03	(17 bytes)
Bin dump: 00000000 00110010 01100100 10010110 00000001 11001000 00000001 11111010 00000001 10101100 00000010 11011110 00000010 10010000 00000011 11000010 00000011

    Array of bigger integers

Array:    [0, 50]   	(2 elements)
Decoded:  [0, 50]
Hex dump: 00 32	(2 bytes)
Bin dump: 00000000 00110010

Array:    [0, 50, 200]	(3 elements)
Decoded:  [0, 50, 200]
Hex dump: 00 32 c8 01	(4 bytes)
Bin dump: 00000000 00110010 11001000 00000001

Array:    [0, 50, 200, 450]	(4 elements)
Decoded:  [0, 50, 200, 450]
Hex dump: 00 32 c8 01 c2 03	(6 bytes)
Bin dump: 00000000 00110010 11001000 00000001 11000010 00000011

Array:    [0, 50, 200, 450, 800]	(5 elements)
Decoded:  [0, 50, 200, 450, 800]
Hex dump: 00 32 c8 01 c2 03 a0 06	(8 bytes)
Bin dump: 00000000 00110010 11001000 00000001 11000010 00000011 10100000 00000110

Array:    [0, 50, 200, 450, 800, 1250]	(6 elements)
Decoded:  [0, 50, 200, 450, 800, 1250]
Hex dump: 00 32 c8 01 c2 03 a0 06 e2 09	(10 bytes)
Bin dump: 00000000 00110010 11001000 00000001 11000010 00000011 10100000 00000110 11100010 00001001

Array:    [0, 50, 200, 450, 800, 1250, 1800]	(7 elements)
Decoded:  [0, 50, 200, 450, 800, 1250, 1800]
Hex dump: 00 32 c8 01 c2 03 a0 06 e2 09 88 0e	(12 bytes)
Bin dump: 00000000 00110010 11001000 00000001 11000010 00000011 10100000 00000110 11100010 00001001 10001000 00001110

Array:    [0, 50, 200, 450, 800, 1250, 1800, 2450]	(8 elements)
Decoded:  [0, 50, 200, 450, 800, 1250, 1800, 2450]
Hex dump: 00 32 c8 01 c2 03 a0 06 e2 09 88 0e 92 13	(14 bytes)
Bin dump: 00000000 00110010 11001000 00000001 11000010 00000011 10100000 00000110 11100010 00001001 10001000 00001110 10010010 00010011

Array:    [0, 50, 200, 450, 800, 1250, 1800, 2450, 3200]	(9 elements)
Decoded:  [0, 50, 200, 450, 800, 1250, 1800, 2450, 3200]
Hex dump: 00 32 c8 01 c2 03 a0 06 e2 09 88 0e 92 13 80 19	(16 bytes)
Bin dump: 00000000 00110010 11001000 00000001 11000010 00000011 10100000 00000110 11100010 00001001 10001000 00001110 10010010 00010011 10000000 00011001

Array:    [0, 50, 200, 450, 800, 1250, 1800, 2450, 3200, 4050]	(10 elements)
Decoded:  [0, 50, 200, 450, 800, 1250, 1800, 2450, 3200, 4050]
Hex dump: 00 32 c8 01 c2 03 a0 06 e2 09 88 0e 92 13 80 19 d2 1f	(18 bytes)
Bin dump: 00000000 00110010 11001000 00000001 11000010 00000011 10100000 00000110 11100010 00001001 10001000 00001110 10010010 00010011 10000000 00011001 11010010 00011111

    Boundary values (protobuf varint length transitions)
v=0                      bytes=1 hex=00                        bin=00000000
v=1                      bytes=1 hex=01                        bin=00000001
v=126                    bytes=1 hex=7e                        bin=01111110
v=127                    bytes=1 hex=7f                        bin=01111111
v=128                    bytes=2 hex=80 01                     bin=10000000 00000001
v=129                    bytes=2 hex=81 01                     bin=10000001 00000001
v=16382                  bytes=2 hex=fe 7f                     bin=11111110 01111111
v=16383                  bytes=2 hex=ff 7f                     bin=11111111 01111111
v=16384                  bytes=3 hex=80 80 01                  bin=10000000 10000000 00000001
v=16385                  bytes=3 hex=81 80 01                  bin=10000001 10000000 00000001
v=2097150                bytes=3 hex=fe ff 7f                  bin=11111110 11111111 01111111
v=2097151                bytes=3 hex=ff ff 7f                  bin=11111111 11111111 01111111
v=2097152                bytes=4 hex=80 80 80 01               bin=10000000 10000000 10000000 00000001
v=2097153                bytes=4 hex=81 80 80 01               bin=10000001 10000000 10000000 00000001
v=268435454              bytes=4 hex=fe ff ff 7f               bin=11111110 11111111 11111111 01111111
v=268435455              bytes=4 hex=ff ff ff 7f               bin=11111111 11111111 11111111 01111111
v=268435456              bytes=5 hex=80 80 80 80 01            bin=10000000 10000000 10000000 10000000 00000001
v=268435457              bytes=5 hex=81 80 80 80 01            bin=10000001 10000000 10000000 10000000 00000001
v=34359738366            bytes=5 hex=fe ff ff ff 7f            bin=11111110 11111111 11111111 11111111 01111111
v=34359738367            bytes=5 hex=ff ff ff ff 7f            bin=11111111 11111111 11111111 11111111 01111111
v=34359738368            bytes=6 hex=80 80 80 80 80 01         bin=10000000 10000000 10000000 10000000 10000000 00000001
v=34359738369            bytes=6 hex=81 80 80 80 80 01         bin=10000001 10000000 10000000 10000000 10000000 00000001
v=4398046511102          bytes=6 hex=fe ff ff ff ff 7f         bin=11111110 11111111 11111111 11111111 11111111 01111111
v=4398046511103          bytes=6 hex=ff ff ff ff ff 7f         bin=11111111 11111111 11111111 11111111 11111111 01111111
v=4398046511104          bytes=7 hex=80 80 80 80 80 80 01      bin=10000000 10000000 10000000 10000000 10000000 10000000 00000001
v=4398046511105          bytes=7 hex=81 80 80 80 80 80 01      bin=10000001 10000000 10000000 10000000 10000000 10000000 00000001
v=562949953421310        bytes=7 hex=fe ff ff ff ff ff 7f      bin=11111110 11111111 11111111 11111111 11111111 11111111 01111111
v=562949953421311        bytes=7 hex=ff ff ff ff ff ff 7f      bin=11111111 11111111 11111111 11111111 11111111 11111111 01111111
v=562949953421312        bytes=8 hex=80 80 80 80 80 80 80 01   bin=10000000 10000000 10000000 10000000 10000000 10000000 10000000 00000001
v=562949953421313        bytes=8 hex=81 80 80 80 80 80 80 01   bin=10000001 10000000 10000000 10000000 10000000 10000000 10000000 00000001
v=72057594037927934      bytes=8 hex=fe ff ff ff ff ff ff 7f   bin=11111110 11111111 11111111 11111111 11111111 11111111 11111111 01111111
v=72057594037927935      bytes=8 hex=ff ff ff ff ff ff ff 7f   bin=11111111 11111111 11111111 11111111 11111111 11111111 11111111 01111111
v=72057594037927936      bytes=9 hex=80 80 80 80 80 80 80 80 01 bin=10000000 10000000 10000000 10000000 10000000 10000000 10000000 10000000 00000001
v=72057594037927937      bytes=9 hex=81 80 80 80 80 80 80 80 01 bin=10000001 10000000 10000000 10000000 10000000 10000000 10000000 10000000 00000001
v=9223372036854775806    bytes=9 hex=fe ff ff ff ff ff ff ff 7f bin=11111110 11111111 11111111 11111111 11111111 11111111 11111111 11111111 01111111
v=9223372036854775807    bytes=9 hex=ff ff ff ff ff ff ff ff 7f bin=11111111 11111111 11111111 11111111 11111111 11111111 11111111 11111111 01111111
v=9223372036854775808    bytes=10 hex=80 80 80 80 80 80 80 80 80 01 bin=10000000 10000000 10000000 10000000 10000000 10000000 10000000 10000000 10000000 00000001
v=9223372036854775809    bytes=10 hex=81 80 80 80 80 80 80 80 80 01 bin=10000001 10000000 10000000 10000000 10000000 10000000 10000000 10000000 10000000 00000001

    Random stress test (1000 integers)
Encoded 1000 values into 7989 bytes (avg 7.99 bytes/value)

    Mixed arrays incremental decoding
len=0   bytes=0    arr_head=[]
len=1   bytes=1    arr_head=[0]
len=5   bytes=5    arr_head=[0, 1, 2, 3, 4]
len=3   bytes=5    arr_head=[127, 128, 129]
len=4   bytes=9    arr_head=[1, 16383, 16384, 16385]
len=50  bytes=100  arr_head=[2645, 733, 3303, 9228, 9143]

    Error handling: truncated data
Truncated data correctly raised: Incomplete data: not enough bytes to finish last integer

    Error handling: over-request count
Over-request correctly raised: Too many integers requested: not enough data to decode all integers (1 left)

    Large value tests
v=4611686018427387903 bytes=9
v=4611686018427387904 bytes=9
v=4611686018427387905 bytes=9
v=9223372036854775807 bytes=9
v=9223372036854775808 bytes=10
v=18446744073709551615 bytes=10
